D 24 24
R 6 4 12 9 -1.
R 6 7 12 3 3.
F -0.0315119996666908 2.0875380039215088 -2.2172100543975830
R 6 4 12 7 -1.
R 10 4 4 7 3.
F 0.0123960003256798 -1.8633940219879150 1.3272049427032471
R 3 9 18 9 -1.
R 3 12 18 3 3.
F 0.0219279993325472 -1.5105249881744385 1.0625729560852051
R 8 18 9 6 -1.
R 8 20 9 2 3.
F 5.7529998011887074e-003 -0.8746389746665955 1.1760339736938477
R 3 5 4 19 -1.
R 5 5 2 19 2.
F 0.0150140002369881 -0.7794569730758667 1.2608419656753540
R 6 5 12 16 -1.
R 6 13 12 8 2.
F 0.0993710011243820 0.5575129985809326 -1.8743000030517578
R 5 8 12 6 -1.
R 5 11 12 3 2.
F 2.7340000960975885e-003 -1.6911929845809937 0.4400970041751862
R 11 14 4 10 -1.
R 11 19 4 5 2.
F -0.0188590008765459 -1.4769539833068848 0.4435009956359863
R 4 0 7 6 -1.
R 4 3 7 3 2.
F 5.9739998541772366e-003 -0.8590919971466065 0.8525559902191162
S -5.0425500869750977
R 6 6 12 6 -1.
R 6 8 12 2 3.
F -0.0211100000888109 1.2435649633407593 -1.5713009834289551
R 6 4 12 7 -1.
R 10 4 4 7 3.
F 0.0203559994697571 -1.6204780340194702 1.1817760467529297
R 1 8 19 12 -1.
R 1 12 19 4 3.
F 0.0213089995086193 -1.9415930509567261 0.7006909847259522
R 0 2 24 3 -1.
R 8 2 8 3 3.
F 0.0916600003838539 -0.5567010045051575 1.7284419536590576
R 9 9 6 15 -1.
R 9 14 6 5 3.
F 0.0362880006432533 0.2676379978656769 -2.1831810474395752
R 5 6 14 10 -1.
R 5 11 14 5 2.
F -0.0191099997609854 -2.6730210781097412 0.4567080140113831
R 5 0 14 9 -1.
R 5 3 14 3 3.
F 8.2539999857544899e-003 -1.0852910280227661 0.5356420278549194
R 13 11 9 6 -1.
R 16 11 3 6 3.
F 0.0183550007641315 -0.3520019948482513 0.9333919882774353
R 7 5 6 10 -1.
R 9 5 2 10 3.
F -7.0569999516010284e-003 0.9278209805488586 -0.6634989976882935
R 10 8 6 10 -1.
R 12 8 2 10 3.
F -9.8770000040531158e-003 1.1577470302581787 -0.2977479994297028
R 2 5 4 9 -1.
R 4 5 2 9 2.
F 0.0158140007406473 -0.4196060001850128 1.3576040267944336
R 18 0 6 11 -1.
R 20 0 2 11 3.
F -0.0207000002264977 1.4590020179748535 -0.1973939985036850
R 0 6 24 13 -1.
R 8 6 8 13 3.
F -0.1376080065965653 1.1186759471893311 -0.5291550159454346
R 9 6 6 9 -1.
R 11 6 2 9 3.
F 0.0143189998343587 -0.3512719869613648 1.1440860033035278
R 7 18 10 6 -1.
R 7 20 10 2 3.
F 0.0102530000731349 -0.6085060238838196 0.7709850072860718
R 5 7 14 12 -1.
R 5 13 14 6 2.
F 0.0915080010890961 0.3881779909133911 -1.5122940540313721
S -4.9842400550842285
R 0 3 24 3 -1.
R 8 3 8 3 3.
F 0.0697470009326935 -1.0130879878997803 1.4687349796295166
R 5 8 15 6 -1.
R 5 11 15 3 2.
F 0.0315029993653297 -1.6463639736175537 1.0000629425048828
R 9 6 5 14 -1.
R 9 13 5 7 2.
F 0.0142609998583794 0.4648030102252960 -1.5959889888763428
R 9 5 6 10 -1.
R 11 5 2 10 3.
F 0.0144530003890395 -0.6551190018653870 0.8302180171012878
R 6 6 3 12 -1.
R 6 12 3 6 2.
F -3.0509999487549067e-003 -1.3982310295104980 0.4255059957504273
R 3 21 18 3 -1.
R 9 21 6 3 3.
F 0.0327229984104633 -0.5070260167121887 1.0526109933853149
R 5 6 13 6 -1.
R 5 8 13 2 3.
F -7.2960001416504383e-003 0.3635689914226532 -1.3464889526367187
R 18 1 6 15 -1.
R 18 1 3 15 2.
F 0.0504250004887581 -0.3046140074729919 1.4504129886627197
R 1 1 6 15 -1.
R 4 1 3 15 2.
F 0.0468790009617805 -0.4028620123863220 1.2145609855651855
R 0 8 24 15 -1.
R 8 8 8 15 3.
F -0.0693589970469475 1.0539360046386719 -0.4571970105171204
R 5 6 14 12 -1.
R 5 6 7 6 2.
R 12 12 7 6 2.
F -0.0490339994430542 -1.6253089904785156 0.1537899971008301
R 2 12 21 12 -1.
R 2 16 21 4 3.
F 0.0848279967904091 0.2840299904346466 -1.5662059783935547
R 8 1 4 10 -1.
R 10 1 2 10 2.
F -1.7229999648407102e-003 -1.0147459506988525 0.2329480051994324
R 2 13 20 10 -1.
R 2 13 10 10 2.
F 0.1156219989061356 -0.1673289984464645 1.2804069519042969
R 0 1 6 13 -1.
R 2 1 2 13 3.
F -0.0512799993157387 1.5162390470504761 -0.3027110099792481
R 20 2 4 13 -1.
R 20 2 2 13 2.
F -0.0427069999277592 1.7631920576095581 -0.0518320016562939
R 0 5 22 19 -1.
R 11 5 11 19 2.
F 0.3717809915542603 -0.3138920068740845 1.5357979536056519
R 18 4 6 9 -1.
R 20 4 2 9 3.
F 0.0194129999727011 -0.1001759991049767 0.9365540146827698
R 0 3 6 11 -1.
R 2 3 2 11 3.
F 0.0174390003085136 -0.4037989974021912 0.9629300236701965
R 12 1 4 9 -1.
R 12 1 2 9 2.
F 0.0396389998495579 0.1703909933567047 -2.9602990150451660
R 0 6 19 3 -1.
R 0 7 19 1 3.
F -9.1469995677471161e-003 0.8878679871559143 -0.4381870031356812
R 12 1 4 9 -1.
R 12 1 2 9 2.
F 1.7219999572262168e-003 -0.3721860051155090 0.4001890122890472
R 8 1 4 9 -1.
R 10 1 2 9 2.
F 0.0302310008555651 0.0659240037202835 -2.6469180583953857
R 5 5 14 14 -1.
R 12 5 7 7 2.
R 5 12 7 7 2.
F -0.0787959992885590 -1.7491459846496582 0.2847529947757721
R 1 10 18 2 -1.
R 1 11 18 1 2.
F 2.1110000088810921e-003 -0.9390810132026672 0.2320519983768463
R 17 13 4 11 -1.
R 17 13 2 11 2.
F 0.0270910002291203 -0.0526640005409718 1.0756820440292358
R 0 4 6 9 -1.
R 0 7 6 3 3.
F -0.0449649989604950 -1.8294479846954346 0.0995619967579842
S -4.6551899909973145
