# Fichier de description de cascade de classifieurs (Haar)
# pour l'algorithme de detection d'objets
D 24 24
R 6 4 12 9 -1.
R 6 7 12 3 3.
F -0.0315119996666908 2.0875380039215088 -2.2172100543975830
R 6 4 12 7 -1.
R 10 4 4 7 3.
F 0.0123960003256798 -1.8633940219879150 1.3272049427032471
R 3 9 18 9 -1.
R 3 12 18 3 3.
F 0.0219279993325472 -1.5105249881744385 1.0625729560852051
R 8 18 9 6 -1.
R 8 20 9 2 3.
F 5.7529998011887074e-003 -0.8746389746665955 1.1760339736938477
R 3 5 4 19 -1.
R 5 5 2 19 2.
F 0.0150140002369881 -0.7794569730758667 1.2608419656753540
R 6 5 12 16 -1.
R 6 13 12 8 2.
F 0.0993710011243820 0.5575129985809326 -1.8743000030517578
R 5 8 12 6 -1.
R 5 11 12 3 2.
F 2.7340000960975885e-003 -1.6911929845809937 0.4400970041751862
R 11 14 4 10 -1.
R 11 19 4 5 2.
F -0.0188590008765459 -1.4769539833068848 0.4435009956359863
R 4 0 7 6 -1.
R 4 3 7 3 2.
F 5.9739998541772366e-003 -0.8590919971466065 0.8525559902191162
S -5.0425500869750977
R 6 6 12 6 -1.
R 6 8 12 2 3.
F -0.0211100000888109 1.2435649633407593 -1.5713009834289551
R 6 4 12 7 -1.
R 10 4 4 7 3.
F 0.0203559994697571 -1.6204780340194702 1.1817760467529297
R 1 8 19 12 -1.
R 1 12 19 4 3.
F 0.0213089995086193 -1.9415930509567261 0.7006909847259522
R 0 2 24 3 -1.
R 8 2 8 3 3.
F 0.0916600003838539 -0.5567010045051575 1.7284419536590576
R 9 9 6 15 -1.
R 9 14 6 5 3.
F 0.0362880006432533 0.2676379978656769 -2.1831810474395752
R 5 6 14 10 -1.
R 5 11 14 5 2.
F -0.0191099997609854 -2.6730210781097412 0.4567080140113831
R 5 0 14 9 -1.
R 5 3 14 3 3.
F 8.2539999857544899e-003 -1.0852910280227661 0.5356420278549194
R 13 11 9 6 -1.
R 16 11 3 6 3.
F 0.0183550007641315 -0.3520019948482513 0.9333919882774353
R 7 5 6 10 -1.
R 9 5 2 10 3.
F -7.0569999516010284e-003 0.9278209805488586 -0.6634989976882935
R 10 8 6 10 -1.
R 12 8 2 10 3.
F -9.8770000040531158e-003 1.1577470302581787 -0.2977479994297028
R 2 5 4 9 -1.
R 4 5 2 9 2.
F 0.0158140007406473 -0.4196060001850128 1.3576040267944336
R 18 0 6 11 -1.
R 20 0 2 11 3.
F -0.0207000002264977 1.4590020179748535 -0.1973939985036850
R 0 6 24 13 -1.
R 8 6 8 13 3.
F -0.1376080065965653 1.1186759471893311 -0.5291550159454346
R 9 6 6 9 -1.
R 11 6 2 9 3.
F 0.0143189998343587 -0.3512719869613648 1.1440860033035278
R 7 18 10 6 -1.
R 7 20 10 2 3.
F 0.0102530000731349 -0.6085060238838196 0.7709850072860718
R 5 7 14 12 -1.
R 5 13 14 6 2.
F 0.0915080010890961 0.3881779909133911 -1.5122940540313721
S -4.9842400550842285
R 0 3 24 3 -1.
R 8 3 8 3 3.
F 0.0697470009326935 -1.0130879878997803 1.4687349796295166
R 5 8 15 6 -1.
R 5 11 15 3 2.
F 0.0315029993653297 -1.6463639736175537 1.0000629425048828
R 9 6 5 14 -1.
R 9 13 5 7 2.
F 0.0142609998583794 0.4648030102252960 -1.5959889888763428
R 9 5 6 10 -1.
R 11 5 2 10 3.
F 0.0144530003890395 -0.6551190018653870 0.8302180171012878
R 6 6 3 12 -1.
R 6 12 3 6 2.
F -3.0509999487549067e-003 -1.3982310295104980 0.4255059957504273
R 3 21 18 3 -1.
R 9 21 6 3 3.
F 0.0327229984104633 -0.5070260167121887 1.0526109933853149
R 5 6 13 6 -1.
R 5 8 13 2 3.
F -7.2960001416504383e-003 0.3635689914226532 -1.3464889526367187
R 18 1 6 15 -1.
R 18 1 3 15 2.
F 0.0504250004887581 -0.3046140074729919 1.4504129886627197
R 1 1 6 15 -1.
R 4 1 3 15 2.
F 0.0468790009617805 -0.4028620123863220 1.2145609855651855
R 0 8 24 15 -1.
R 8 8 8 15 3.
F -0.0693589970469475 1.0539360046386719 -0.4571970105171204
R 5 6 14 12 -1.
R 5 6 7 6 2.
R 12 12 7 6 2.
F -0.0490339994430542 -1.6253089904785156 0.1537899971008301
R 2 12 21 12 -1.
R 2 16 21 4 3.
F 0.0848279967904091 0.2840299904346466 -1.5662059783935547
R 8 1 4 10 -1.
R 10 1 2 10 2.
F -1.7229999648407102e-003 -1.0147459506988525 0.2329480051994324
R 2 13 20 10 -1.
R 2 13 10 10 2.
F 0.1156219989061356 -0.1673289984464645 1.2804069519042969
R 0 1 6 13 -1.
R 2 1 2 13 3.
F -0.0512799993157387 1.5162390470504761 -0.3027110099792481
R 20 2 4 13 -1.
R 20 2 2 13 2.
F -0.0427069999277592 1.7631920576095581 -0.0518320016562939
R 0 5 22 19 -1.
R 11 5 11 19 2.
F 0.3717809915542603 -0.3138920068740845 1.5357979536056519
R 18 4 6 9 -1.
R 20 4 2 9 3.
F 0.0194129999727011 -0.1001759991049767 0.9365540146827698
R 0 3 6 11 -1.
R 2 3 2 11 3.
F 0.0174390003085136 -0.4037989974021912 0.9629300236701965
R 12 1 4 9 -1.
R 12 1 2 9 2.
F 0.0396389998495579 0.1703909933567047 -2.9602990150451660
R 0 6 19 3 -1.
R 0 7 19 1 3.
F -9.1469995677471161e-003 0.8878679871559143 -0.4381870031356812
R 12 1 4 9 -1.
R 12 1 2 9 2.
F 1.7219999572262168e-003 -0.3721860051155090 0.4001890122890472
R 8 1 4 9 -1.
R 10 1 2 9 2.
F 0.0302310008555651 0.0659240037202835 -2.6469180583953857
R 5 5 14 14 -1.
R 12 5 7 7 2.
R 5 12 7 7 2.
F -0.0787959992885590 -1.7491459846496582 0.2847529947757721
R 1 10 18 2 -1.
R 1 11 18 1 2.
F 2.1110000088810921e-003 -0.9390810132026672 0.2320519983768463
R 17 13 4 11 -1.
R 17 13 2 11 2.
F 0.0270910002291203 -0.0526640005409718 1.0756820440292358
R 0 4 6 9 -1.
R 0 7 6 3 3.
F -0.0449649989604950 -1.8294479846954346 0.0995619967579842
S -4.6551899909973145
R 6 4 12 9 -1.
R 6 7 12 3 3.
F -0.0657010003924370 1.1558510065078735 -1.0716359615325928
R 6 5 12 6 -1.
R 10 5 4 6 3.
F 0.0158399995416403 -1.5634720325469971 0.7687709927558899
R 0 1 24 5 -1.
R 8 1 8 5 3.
F 0.1457089930772781 -0.5745009779930115 1.3808720111846924
R 4 10 18 6 -1.
R 4 12 18 2 3.
F 6.1389999464154243e-003 -1.4570560455322266 0.5161030292510986
R 2 17 12 6 -1.
R 2 17 6 3 2.
R 8 20 6 3 2.
F 6.7179999314248562e-003 -0.8353360295295715 0.5852220058441162
R 19 3 4 13 -1.
R 19 3 2 13 2.
F 0.0185180008411407 -0.3131209909915924 1.1696679592132568
R 1 3 4 13 -1.
R 3 3 2 13 2.
F 0.0199580006301403 -0.4344260096549988 0.9544690251350403
R 0 1 24 23 -1.
R 8 1 8 23 3.
F -0.2775500118732452 1.4906179904937744 -0.1381590068340302
R 1 7 8 12 -1.
R 1 11 8 4 3.
F 9.1859996318817139e-003 -0.9636150002479553 0.2766549885272980
R 14 7 3 14 -1.
R 14 14 3 7 2.
F -0.0377379991114140 -2.4464108943939209 0.2361959964036942
R 3 12 16 6 -1.
R 3 12 8 3 2.
R 11 15 8 3 2.
F 0.0184630006551743 0.1753920018672943 -1.3423130512237549
R 6 6 12 6 -1.
R 6 8 12 2 3.
F -0.0111149996519089 0.4871079921722412 -0.8985189795494080
R 8 7 6 12 -1.
R 8 13 6 6 2.
F 0.0339279994368553 0.1787420064210892 -1.6342279911041260
R 15 15 9 6 -1.
R 15 17 9 2 3.
F -0.0356490015983582 -1.9607399702072144 0.1810249984264374
R 1 17 18 3 -1.
R 1 18 18 1 3.
F -0.0114380000159144 0.9901069998741150 -0.3810319900512695
R 4 4 16 12 -1.
R 4 10 16 6 2.
F -0.0652360022068024 -2.5794160366058350 0.2475360035896301
R 0 1 4 20 -1.
R 2 1 2 20 2.
F -0.0422720015048981 1.4411840438842773 -0.2950829863548279
R 3 0 18 2 -1.
R 3 1 18 1 2.
F 1.9219999667257071e-003 -0.4960860013961792 0.6317359805107117
R 1 5 20 14 -1.
R 1 5 10 7 2.
R 11 12 10 7 2.
F -0.1292179971933365 -2.3314270973205566 0.0544969998300076
R 5 8 14 12 -1.
R 5 12 14 4 3.
F 0.0229310002177954 -0.8444709777832031 0.3873809874057770
R 3 14 7 9 -1.
R 3 17 7 3 3.
F -0.0341200008988380 -1.4431500434875488 0.0984229966998100
R 14 15 9 6 -1.
R 14 17 9 2 3.
F 0.0262230001389980 0.1822309941053391 -1.2586519718170166
R 1 15 9 6 -1.
R 1 17 9 2 3.
F 0.0222369991242886 0.0698079988360405 -2.3820950984954834
R 11 6 8 10 -1.
R 15 6 4 5 2.
R 11 11 4 5 2.
F -5.8240001089870930e-003 0.3933250010013580 -0.2754279971122742
R 5 5 14 14 -1.
R 5 5 7 7 2.
R 12 12 7 7 2.
F 0.0436530001461506 0.1483269929885864 -1.1368780136108398
R 6 0 12 5 -1.
R 10 0 4 5 3.
F 0.0572669990360737 0.2462809979915619 -1.2687400579452515
R 9 0 6 9 -1.
R 9 3 6 3 3.
F 2.3409998975694180e-003 -0.7544890046119690 0.2716380059719086
R 9 6 6 9 -1.
R 11 6 2 9 3.
F 0.0129960002377629 -0.3639490008354187 0.7095919847488403
R 7 0 6 9 -1.
R 9 0 2 9 3.
F -0.0265170000493526 -2.3221859931945801 0.0357440002262592
R 10 6 6 9 -1.
R 12 6 2 9 3.
F -5.8400002308189869e-003 0.4219430088996887 -0.0481849983334541
R 8 6 6 9 -1.
R 10 6 2 9 3.
F -0.0165689997375011 1.1099940538406372 -0.3484970033168793
R 3 8 18 4 -1.
R 9 8 6 4 3.
F -0.0681570023298264 -3.3269989490509033 0.2129900008440018
S -4.4531588554382324
R 6 0 12 9 -1.
R 6 3 12 3 3.
F 0.0399740003049374 -1.2173449993133545 1.0826710462570190
R 0 0 24 6 -1.
R 8 0 8 6 3.
F 0.1881950050592423 -0.4828940033912659 1.4045250415802002
R 4 7 16 12 -1.
R 4 11 16 4 3.
F 0.0780270025134087 -1.0782150030136108 0.7404029965400696
R 11 6 6 6 -1.
R 11 6 3 6 2.
F 1.1899999663000926e-004 -1.2019979953765869 0.3774920105934143
R 0 20 24 3 -1.
R 8 20 8 3 3.
F 0.0850569978356361 -0.4393909871578217 1.2647340297698975
R 11 6 4 9 -1.
R 11 6 2 9 2.
F 8.9720003306865692e-003 -0.1844049990177155 0.4572640061378479
R 4 13 15 4 -1.
R 9 13 5 4 3.
F 8.8120000436902046e-003 0.3039669990539551 -0.9599109888076782
R 11 6 4 9 -1.
R 11 6 2 9 2.
F -0.0235079992562532 1.2487529516220093 0.0462279990315437
R 9 6 4 9 -1.
R 11 6 2 9 2.
F 7.0039997808635235e-003 -0.5944210290908814 0.5396329760551453
R 9 12 6 12 -1.
R 9 18 6 6 2.
F 0.0338519997894764 0.2849609851837158 -1.4895249605178833
R 1 22 18 2 -1.
R 1 23 18 1 2.
F -3.2530000898987055e-003 0.4812079966068268 -0.5271239876747131
R 10 7 4 10 -1.
R 10 12 4 5 2.
F 0.0290970001369715 0.2674390077590942 -1.6007850170135498
R 6 7 8 10 -1.
R 6 12 8 5 2.
F -8.4790000692009926e-003 -1.3107639551162720 0.1524309962987900
R 7 6 10 6 -1.
R 7 8 10 2 3.
F -0.0107950000092387 0.4561359882354736 -0.7205089926719666
R 0 14 10 4 -1.
R 0 16 10 2 2.
F -0.0246200002729893 -1.7320619821548462 0.0683630034327507
R 6 18 18 2 -1.
R 6 19 18 1 2.
F 3.7380000576376915e-003 -0.1930329948663712 0.6824349761009216
R 1 1 22 3 -1.
R 1 2 22 1 3.
F -0.0122640002518892 -1.6095290184020996 0.0752680003643036
R 6 16 18 3 -1.
R 6 17 18 1 3.
F -4.8670000396668911e-003 0.7428650259971619 -0.2151020020246506
R 2 4 6 15 -1.
R 5 4 3 15 2.
F 0.0767259970307350 -0.2683509886264801 1.3094140291213989
R 20 4 4 10 -1.
R 20 4 2 10 2.
F 0.0285780001431704 -0.0587930008769035 1.2196329832077026
R 0 4 4 10 -1.
R 2 4 2 10 2.
F 0.0196940004825592 -0.3514289855957031 0.8492699861526489
R 2 16 20 6 -1.
R 12 16 10 3 2.
R 2 19 10 3 2.
F -0.0290939994156361 -1.0507299900054932 0.2980630099773407
R 0 12 8 9 -1.
R 4 12 4 9 2.
F -0.0291440002620220 0.8254780173301697 -0.3268719911575317
R 12 0 6 9 -1.
R 14 0 2 9 3.
F 0.0197410006076097 0.2045260071754456 -0.8376020193099976
R 5 10 6 6 -1.
R 8 10 3 6 2.
F 4.3299999088048935e-003 0.2057790011167526 -0.6682980060577393
R 11 8 12 6 -1.
R 17 8 6 3 2.
R 11 11 6 3 2.
F -0.0355009995400906 -1.2969900369644165 0.1389749944210053
R 0 8 12 6 -1.
R 0 8 6 3 2.
R 6 11 6 3 2.
F -0.0161729995161295 -1.3110569715499878 0.0757519975304604
R 12 0 6 9 -1.
R 14 0 2 9 3.
F -0.0221510007977486 -1.0524389743804932 0.1924110054969788
R 6 0 6 9 -1.
R 8 0 2 9 3.
F -0.0227070003747940 -1.3735309839248657 0.0667809993028641
R 8 14 9 6 -1.
R 8 16 9 2 3.
F 0.0166079998016357 -0.0371359996497631 0.7784640192985535
R 0 16 9 6 -1.
R 0 18 9 2 3.
F -0.0133090000599623 -0.9985070228576660 0.1224810034036636
R 10 8 6 10 -1.
R 12 8 2 10 3.
F -0.0337320007383823 1.4461359977722168 0.0131519995629787
R 3 19 12 3 -1.
R 9 19 6 3 2.
F 0.0169350001960993 -0.3712129890918732 0.5284219980239868
R 2 10 20 2 -1.
R 2 11 20 1 2.
F 3.3259999472647905e-003 -0.5756850242614746 0.3926190137863159
R 2 9 18 12 -1.
R 2 9 9 6 2.
R 11 15 9 6 2.
F 0.0836440026760101 0.0161160007119179 -2.1173279285430908
R 3 0 18 24 -1.
R 3 0 9 24 2.
F 0.2578519880771637 -0.0816090032458305 0.9878249764442444
R 5 6 14 10 -1.
R 5 6 7 5 2.
R 12 11 7 5 2.
F -0.0365669988095760 -1.1512110233306885 0.0964590013027191
R 9 5 10 12 -1.
R 14 5 5 6 2.
R 9 11 5 6 2.
F -0.0164459999650717 0.3731549978256226 -0.1458539962768555
R 4 5 12 12 -1.
R 4 5 6 6 2.
R 10 11 6 6 2.
F -3.7519999314099550e-003 0.2617929875850678 -0.5815669894218445
R 4 14 18 3 -1.
R 4 15 18 1 3.
F -6.3660000450909138e-003 0.7547739744186401 -0.1705520004034042
R 6 13 8 8 -1.
R 6 17 8 4 2.
F -3.8499999791383743e-003 0.2265399992465973 -0.6387640237808228
R 3 16 18 6 -1.
R 3 19 18 3 2.
F -0.0454940013587475 -1.2640299797058105 0.2526069879531860
R 0 0 6 6 -1.
R 3 0 3 6 2.
F -0.0239410009235144 0.8706840276718140 -0.2710469961166382
R 6 6 12 18 -1.
R 10 6 4 18 3.
F -0.0775580033659935 -1.3901610374450684 0.2361229956150055
R 6 1 4 14 -1.
R 8 1 2 14 2.
F 0.0236140005290508 0.0661400035023689 -1.2645419836044312
R 3 2 19 2 -1.
R 3 3 19 1 2.
F -2.5750000495463610e-003 -0.5384169816970825 0.3037909865379334
R 1 8 22 13 -1.
R 12 8 11 13 2.
F 0.1201080009341240 -0.3534300029277802 0.5286620259284973
R 8 9 11 4 -1.
R 8 11 11 2 2.
F 2.2899999748915434e-003 -0.5870199799537659 0.2406100034713745
R 0 12 15 10 -1.
R 5 12 5 10 3.
F 0.0697169974446297 -0.3334890007972717 0.5191630125045776
R 12 16 12 6 -1.
R 16 16 4 6 3.
F -0.0466700010001659 0.6979539990425110 -0.0148959998041391
R 0 16 12 6 -1.
R 4 16 4 6 3.
F -0.0501290000975132 0.8614619970321655 -0.2598600089550018
R 19 1 5 12 -1.
R 19 5 5 4 3.
F 0.0301479995250702 0.1933279931545258 -0.5913109779357910
S -4.3864588737487793
