255
168
168
168
167
168
162
169
166
170
166
167
165
161
168
165
160
163
161
167
166
159
162
160
163
160
163
161
157
162
160
160
161
159
163
160
165
164
172
165
172
172
171
172
177
176
182
180
176
177
177
173
181
174
172
167
166
154
154
160
145
134
122
121
109
100
100
97
95
90
100
106
99
106
103
107
108
109
108
107
114
113
111
110
109
108
113
113
113
112
111
111
111
114
112
110
113
112
113
113
111
107
109
109
111
112
114
121
114
117
121
125
122
116
126
124
125
129
126
125
128
129
135
134
128
126
132
137
135
136
133
140
134
132
135
135
132
139
141
137
138
136
135
132
135
139
130
134
131
138
135
134
135
133
137
133
133
139
138
140
138
132
139
135
139
137
138
138
140
136
139
135
141
139
137
138
138
141
137
138
138
136
137
135
136
137
139
141
139
138
136
138
136
139
140
137
139
140
141
137
142
140
139
138
140
140
141
137
138
144
137
136
144
138
136
134
137
137
131
135
136
137
135
134
136
136
133
139
138
137
140
135
136
137
136
135
137
134
135
136
138
140
138
137
139
137
139
139
143
137
136
137
139
133
133
138
142
143
147
139
136
136
133
133
133
137
138
133
135
139
137
135
132
134
131
136
137
130
135
139
139
135
131
131
136
132
136
138
131
131
137
136
132
135
132
136
130
132
134
129
131
131
136
130
133
125
128
129
125
123
126
125
122
121
118
116
116
119
109
106
106
108
116
120
122
125
136
140
144
145
148
150
155
159
158
159
164
164
164
168
164
168
166
160
161
154
155
159
155
159
156
156
160
157
162
160
158
162
161
160
159
165
163
160
162
159
159
156
163
159
157
159
158
160
158
158
158
158
156
157
163
160
159
158
158
159
163
159
164
163
163
160
160
161
165
164
164
162
162
162
157
161
160
163
183
199
206
213
215
220
220
220
223
225
226
225
226
228
223
218
211
198
177
157
126
110
108
104
107
107
114
108
117
119
120
123
121
122
122
124
128
131
125
122
121
124
129
125
121
126
126
129
132
124
123
128
121
124
128
128
123
126
125
125
126
126
128
134
122
128
130
129
130
130
131
126
129
129
130
121
121
133
126
131
130
130
135
128
131
129
124
134
129
130
131
123
126
118
124
119
123
122
119
124
128
142
169
173
175
177
175
160
133
168
168
168
167
168
162
169
166
170
166
167
165
161
168
165
160
163
161
167
166
159
162
160
163
160
163
161
157
162
160
160
161
159
163
160
165
164
172
165
172
172
171
172
177
176
182
180
176
177
177
173
181
174
172
167
166
154
154
160
145
134
122
121
109
100
100
97
95
90
100
106
99
106
103
107
108
109
108
107
114
113
111
110
109
108
113
113
113
112
111
111
111
114
112
110
113
112
113
113
111
107
109
109
111
112
114
121
114
117
121
125
122
116
126
124
125
129
126
125
128
129
135
134
128
126
132
137
135
136
133
140
134
132
135
135
132
139
141
137
138
136
135
132
135
139
130
134
131
138
135
134
135
133
137
133
133
139
138
140
138
132
139
135
139
137
138
138
140
136
139
135
141
139
137
138
138
141
137
138
138
136
137
135
136
137
139
141
139
138
136
138
136
139
140
137
139
140
141
137
142
140
139
138
140
140
141
137
138
144
137
136
144
138
136
134
137
137
131
135
136
137
135
134
136
136
133
139
138
137
140
135
136
137
136
135
137
134
135
136
138
140
138
137
139
137
139
139
143
137
136
137
139
133
133
138
142
143
147
139
136
136
133
133
133
137
138
133
135
139
137
135
132
134
131
136
137
130
135
139
139
135
131
131
136
132
136
138
131
131
137
136
132
135
132
136
130
132
134
129
131
131
136
130
133
125
128
129
125
123
126
125
122
121
118
116
116
119
109
106
106
108
116
120
122
125
136
140
144
145
148
150
155
159
158
159
164
164
164
168
164
168
166
160
161
154
155
159
155
159
156
156
160
157
162
160
158
162
161
160
159
165
163
160
162
159
159
156
163
159
157
159
158
160
158
158
158
158
156
157
163
160
159
158
158
159
163
159
164
163
163
160
160
161
165
164
164
162
162
162
157
161
160
163
183
199
206
213
215
220
220
220
223
225
226
225
226
228
223
218
211
198
177
157
126
110
108
104
107
107
114
108
117
119
120
123
121
122
122
124
128
131
125
122
121
124
129
125
121
126
126
129
132
124
123
128
121
124
128
128
123
126
125
125
126
126
128
134
122
128
130
129
130
130
131
126
129
129
130
121
121
133
126
131
130
130
135
128
131
129
124
134
129
130
131
123
126
118
124
119
123
122
119
124
128
142
169
173
175
177
175
160
133
168
168
168
167
168
162
169
166
170
166
167
165
161
168
165
160
163
161
167
166
159
162
160
163
160
163
161
157
162
160
160
161
159
163
160
165
164
172
165
172
172
171
172
177
176
182
180
176
177
177
173
181
174
172
167
166
154
154
160
145
134
122
121
109
100
100
97
95
90
100
106
99
106
103
107
108
109
108
107
114
113
111
110
109
108
113
113
113
112
111
111
111
114
112
110
113
112
113
113
111
107
109
109
111
112
114
121
114
117
121
125
122
116
126
124
125
129
126
125
128
129
135
134
128
126
132
137
135
136
133
140
134
132
135
135
132
139
141
137
138
136
135
132
135
139
130
134
131
138
135
134
135
133
137
133
133
139
138
140
138
132
139
135
139
137
138
138
140
136
139
135
141
139
137
138
138
141
137
138
138
136
137
135
136
137
139
141
139
138
136
138
136
139
140
137
139
140
141
137
142
140
139
138
140
140
141
137
138
144
137
136
144
138
136
134
137
137
131
135
136
137
135
134
136
136
133
139
138
137
140
135
136
137
136
135
137
134
135
136
138
140
138
137
139
137
139
139
143
137
136
137
139
133
133
138
142
143
147
139
136
136
133
133
133
137
138
133
135
139
137
135
132
134
131
136
137
130
135
139
139
135
131
131
136
132
136
138
131
131
137
136
132
135
132
136
130
132
134
129
131
131
136
130
133
125
128
129
125
123
126
125
122
121
118
116
116
119
109
106
106
108
116
120
122
125
136
140
144
145
148
150
155
159
158
159
164
164
164
168
164
168
166
160
161
154
155
159
155
159
156
156
160
157
162
160
158
162
161
160
159
165
163
160
162
159
159
156
163
159
157
159
158
160
158
158
158
158
156
157
163
160
159
158
158
159
163
159
164
163
163
160
160
161
165
164
164
162
162
162
157
161
160
163
183
199
206
213
215
220
220
220
223
225
226
225
226
228
223
218
211
198
177
157
126
110
108
104
107
107
114
108
117
119
120
123
121
122
122
124
128
131
125
122
121
124
129
125
121
126
126
129
132
124
123
128
121
124
128
128
123
126
125
125
126
126
128
134
122
128
130
129
130
130
131
126
129
129
130
121
121
133
126
131
130
130
135
128
131
129
124
134
129
130
131
123
126
118
124
119
123
122
119
124
128
142
169
173
175
177
175
160
133
168
168
168
167
168
162
169
166
170
166
167
165
161
168
165
160
163
161
167
166
159
162
160
163
160
163
161
157
162
160
160
161
159
163
160
165
164
172
165
172
172
171
172
177
176
182
180
176
177
177
173
181
174
172
167
166
154
154
160
145
134
122
121
109
100
100
97
95
90
100
106
99
106
103
107
108
109
108
107
114
113
111
110
109
108
113
113
113
112
111
111
111
114
112
110
113
112
113
113
111
107
109
109
111
112
114
121
114
117
121
125
122
116
126
124
125
129
126
125
128
129
135
134
128
126
132
137
135
136
133
140
134
132
135
135
132
139
141
137
138
136
135
132
135
139
130
134
131
138
135
134
135
133
137
133
133
139
138
140
138
132
139
135
139
137
138
138
140
136
139
135
141
139
137
138
138
141
137
138
138
136
137
135
136
137
139
141
139
138
136
138
136
139
140
137
139
140
141
137
142
140
139
138
140
140
141
137
138
144
137
136
144
138
136
134
137
137
131
135
136
137
135
134
136
136
133
139
138
137
140
135
136
137
136
135
137
134
135
136
138
140
138
137
139
137
139
139
143
137
136
137
139
133
133
138
142
143
147
139
136
136
133
133
133
137
138
133
135
139
137
135
132
134
131
136
137
130
135
139
139
135
131
131
136
132
136
138
131
131
137
136
132
135
132
136
130
132
134
129
131
131
136
130
133
125
128
129
125
123
126
125
122
121
118
116
116
119
109
106
106
108
116
120
122
125
136
140
144
145
148
150
155
159
158
159
164
164
164
168
164
168
166
160
161
154
155
159
155
159
156
156
160
157
162
160
158
162
161
160
159
165
163
160
162
159
159
156
163
159
157
159
158
160
158
158
158
158
156
157
163
160
159
158
158
159
163
159
164
163
163
160
160
161
165
164
164
162
162
162
157
161
160
163
183
199
206
213
215
220
220
220
223
225
226
225
226
228
223
218
211
198
177
157
126
110
108
104
107
107
114
108
117
119
120
123
121
122
122
124
128
131
125
122
121
124
129
125
121
126
126
129
132
124
123
128
121
124
128
128
123
126
125
125
126
126
128
134
122
128
130
129
130
130
131
126
129
129
130
121
121
133
126
131
130
130
135
128
131
129
124
134
129
130
131
123
126
118
124
119
123
122
119
124
128
142
169
173
175
177
175
160
133
168
168
168
167
168
162
169
166
170
166
167
165
161
168
165
160
163
161
167
166
159
162
160
163
160
163
161
157
162
160
160
161
159
163
160
165
164
172
165
172
172
171
172
177
176
182
180
176
177
177
173
181
174
172
167
166
154
154
160
145
134
122
121
109
100
100
97
95
90
100
106
99
106
103
107
108
109
108
107
114
113
111
110
109
108
113
113
113
112
111
111
111
114
112
110
113
112
113
113
111
107
109
109
111
112
114
121
114
117
121
125
122
116
126
124
125
129
126
125
128
129
135
134
128
126
132
137
135
136
133
140
134
132
135
135
132
139
141
137
138
136
135
132
135
139
130
134
131
138
135
134
135
133
137
133
133
139
138
140
138
132
139
135
139
137
138
138
140
136
139
135
141
139
137
138
138
141
137
138
138
136
137
135
136
137
139
141
139
138
136
138
136
139
140
137
139
140
141
137
142
140
139
138
140
140
141
137
138
144
137
136
144
138
136
134
137
137
131
135
136
137
135
134
136
136
133
139
138
137
140
135
136
137
136
135
137
134
135
136
138
140
138
137
139
137
139
139
143
137
136
137
139
133
133
138
142
143
147
139
136
136
133
133
133
137
138
133
135
139
137
135
132
134
131
136
137
130
135
139
139
135
131
131
136
132
136
138
131
131
137
136
132
135
132
136
130
132
134
129
131
131
136
130
133
125
128
129
125
123
126
125
122
121
118
116
116
119
109
106
106
108
116
120
122
125
136
140
144
145
148
150
155
159
158
159
164
164
164
168
164
168
166
160
161
154
155
159
155
159
156
156
160
157
162
160
158
162
161
160
159
165
163
160
162
159
159
156
163
159
157
159
158
160
158
158
158
158
156
157
163
160
159
158
158
159
163
159
164
163
163
160
160
161
165
164
164
162
162
162
157
161
160
163
183
199
206
213
215
220
220
220
223
225
226
225
226
228
223
218
211
198
177
157
126
110
108
104
107
107
114
108
117
119
120
123
121
122
122
124
128
131
125
122
121
124
129
125
121
126
126
129
132
124
123
128
121
124
128
128
123
126
125
125
126
126
128
134
122
128
130
129
130
130
131
126
129
129
130
121
121
133
126
131
130
130
135
128
131
129
124
134
129
130
131
123
126
118
124
119
123
122
119
124
128
142
169
173
175
177
175
160
133
170
170
163
161
167
165
164
165
165
166
160
165
159
159
161
160
162
162
158
163
157
158
158
155
162
162
160
160
161
158
160
163
163
159
158
157
162
165
167
171
169
173
175
175
177
180
182
176
176
182
176
177
173
173
163
164
155
153
148
134
126
123
114
113
105
98
95
97
92
97
98
100
105
105
102
103
111
107
109
110
108
110
111
109
104
109
107
111
111
105
110
108
109
111
109
106
112
108
114
107
108
111
115
108
112
115
113
116
123
119
122
123
123
125
122
125
128
125
126
132
130
125
131
131
129
128
129
129
135
137
136
134
138
135
134
131
136
138
132
132
140
136
135
137
136
130
133
134
134
138
135
135
133
135
135
135
141
139
140
137
134
139
139
141
140
142
142
141
139
139
137
140
138
141
141
137
139
139
142
139
136
137
132
137
141
132
136
137
135
135
138
138
138
138
137
138
137
138
136
135
138
138
140
137
137
138
136
141
136
138
139
142
132
137
132
133
133
132
133
137
135
136
134
136
136
131
131
135
137
142
134
126
134
135
132
134
135
132
133
141
134
137
135
139
136
136
139
134
136
139
133
135
134
137
139
134
136
141
139
139
136
135
137
129
137
132
136
133
131
133
134
138
132
133
136
135
133
134
138
137
128
126
129
134
137
131
136
134
132
130
135
135
134
138
131
132
131
136
132
133
131
132
130
130
128
124
125
126
128
128
122
120
119
119
122
112
115
109
109
108
105
114
112
123
126
133
133
144
141
149
149
156
156
154
158
161
162
166
164
169
164
163
164
158
158
157
158
159
158
156
160
156
151
158
161
153
160
161
157
159
159
156
162
162
160
160
159
158
158
159
157
157
158
157
158
161
157
161
156
160
163
165
160
158
159
161
157
159
162
163
160
161
164
159
161
162
163
161
159
158
155
157
163
175
192
200
207
215
218
220
222
223
223
226
225
225
225
227
223
217
207
193
169
144
114
105
100
107
105
108
116
115
114
124
119
122
121
122
123
125
125
130
125
125
120
126
125
129
126
129
128
126
125
128
121
122
120
128
123
120
125
124
128
131
130
128
130
129
131
125
124
130
132
129
126
133
128
128
122
122
131
126
124
129
133
132
132
129
131
130
134
129
128
129
124
128
122
119
117
126
125
126
130
131
142
147
155
150
143
128
106
80
166
166
169
164
166
167
165
161
165
167
162
167
161
161
162
157
159
165
160
159
164
156
161
158
160
161
158
161
157
155
158
166
164
161
160
160
164
164
170
171
174
173
174
176
176
176
177
180
179
179
175
173
172
171
164
162
154
151
143
135
125
130
111
110
99
100
92
97
94
102
95
103
99
99
99
106
108
112
115
107
105
103
109
107
110
105
110
106
103
107
108
112
111
111
104
110
108
110
110
108
105
105
118
106
110
111
113
116
124
123
118
123
121
123
124
128
133
125
128
128
129
129
124
131
129
126
133
137
137
134
133
135
139
140
130
133
130
139
132
136
137
134
134
126
136
130
137
138
135
135
136
131
130
139
136
132
135
134
135
134
139
135
141
139
140
137
140
137
137
138
139
136
138
139
143
136
137
139
135
136
138
135
138
132
137
134
133
134
135
135
138
132
139
138
139
139
137
136
138
135
141
139
136
136
138
133
138
137
140
138
135
141
137
142
134
129
137
136
133
131
135
139
133
133
135
135
137
136
140
143
133
133
136
135
133
131
135
136
136
136
136
138
135
139
137
139
138
131
137
138
135
133
136
140
136
134
136
140
138
136
138
134
134
131
134
130
133
129
130
134
137
135
132
128
136
134
132
133
130
131
132
132
131
131
132
136
138
130
136
132
135
132
131
133
130
132
134
134
134
132
132
128
129
128
128
125
128
126
128
131
123
120
120
116
115
115
113
107
107
107
105
105
117
122
125
131
129
137
140
145
149
155
149
155
159
163
163
163
163
164
168
163
161
160
160
157
158
158
158
159
159
158
157
157
163
158
163
155
159
157
163
160
160
160
159
158
159
157
159
158
157
159
157
160
161
163
161
161
161
158
159
159
157
157
160
157
160
164
160
159
162
160
162
158
161
162
160
161
160
159
157
155
157
167
181
199
207
211
216
220
220
222
224
224
225
227
227
226
224
219
213
202
185
161
133
111
109
102
105
106
112
108
117
120
119
119
123
128
122
118
123
126
124
121
124
126
131
126
125
128
130
131
124
124
121
125
128
124
128
124
131
122
125
133
130
128
128
132
132
124
129
126
128
125
122
132
130
126
130
126
126
126
131
126
129
132
124
126
126
130
129
131
129
131
131
128
123
124
121
131
130
130
134
134
131
132
125
116
95
81
65
60
164
164
161
162
164
164
162
163
164
166
166
164
159
159
158
157
161
159
162
159
160
159
157
157
160
160
159
157
158
158
159
159
161
162
157
158
163
164
169
168
172
174
174
174
181
179
180
177
176
181
175
179
171
170
168
159
155
156
140
137
128
125
117
113
96
96
93
86
89
88
90
95
94
103
99
103
108
113
110
112
110
108
107
105
103
108
109
112
106
108
107
102
110
107
108
110
106
107
110
109
109
108
111
109
113
114
115
114
116
118
119
122
125
126
129
129
131
132
131
129
132
130
126
126
134
124
128
131
132
136
132
133
134
131
134
136
133
135
134
136
130
136
138
131
136
138
137
139
136
139
135
135
136
135
135
134
139
138
132
135
134
136
135
136
137
139
138
137
140
137
133
134
137
141
139
136
135
136
134
135
136
138
137
137
133
135
138
137
135
134
136
138
135
140
134
139
136
136
136
139
136
135
134
135
132
138
137
132
141
142
133
134
144
141
137
134
141
136
135
135
135
134
133
133
133
133
140
142
135
137
136
134
133
136
130
129
133
137
137
134
138
139
137
138
138
138
138
131
135
137
136
130
134
139
137
137
137
141
135
136
135
137
135
135
132
130
132
134
133
133
139
134
131
133
132
131
129
135
135
133
131
132
130
137
133
135
136
133
133
135
134
135
134
135
130
134
133
134
129
132
131
130
134
128
131
125
124
121
122
125
124
119
122
117
117
120
114
110
109
112
103
105
117
120
125
126
131
141
142
145
147
150
153
161
158
160
160
162
164
168
166
165
165
160
164
162
155
157
155
157
160
158
153
158
159
158
159
157
159
156
160
157
158
166
161
158
161
159
162
159
159
159
158
155
158
158
160
160
157
160
161
157
156
156
158
156
160
156
160
160
157
160
165
162
162
162
161
159
162
159
160
157
154
156
170
187
200
209
212
215
219
222
222
223
224
225
225
225
225
222
217
208
194
174
144
126
106
99
106
108
115
112
117
117
120
118
122
123
117
119
123
120
123
123
124
119
128
123
121
124
128
126
130
124
130
129
126
129
122
128
126
129
131
128
129
129
131
129
126
133
129
124
129
126
122
130
128
125
130
125
125
122
126
131
131
132
134
133
125
131
134
135
132
132
130
130
128
129
123
133
133
131
131
129
117
97
86
72
69
52
57
47
161
161
163
163
165
166
163
163
169
163
164
164
164
159
161
163
161
161
167
163
162
158
161
157
163
160
157
159
158
156
162
160
160
159
158
162
166
166
174
171
176
174
182
174
177
175
176
181
180
173
174
175
170
168
165
156
151
154
143
141
128
124
114
117
99
97
93
90
90
95
95
98
97
106
103
108
108
107
107
105
109
113
110
106
107
104
111
111
107
106
110
109
111
107
112
107
105
112
118
106
110
111
107
117
113
117
113
116
113
117
123
120
122
123
125
128
122
124
132
126
130
131
135
128
130
129
133
133
125
131
131
134
134
129
137
137
137
134
138
135
134
135
132
133
137
132
134
136
135
135
136
133
134
133
136
134
135
138
134
143
132
138
137
135
138
138
138
139
136
137
138
142
138
135
138
136
136
135
139
138
140
135
138
138
134
132
146
136
139
133
137
135
136
135
139
137
137
136
138
139
137
136
136
135
134
141
133
136
137
126
137
136
139
136
141
138
136
133
129
133
129
132
134
134
134
139
140
138
144
137
138
137
132
133
133
134
136
136
137
133
137
139
134
137
134
134
138
136
132
134
136
134
138
138
138
134
135
136
140
136
138
136
132
132
136
132
128
135
135
131
135
135
130
129
137
129
131
130
136
132
129
130
133
129
134
131
134
132
134
135
135
132
133
130
133
134
133
136
131
130
130
128
133
124
130
133
125
131
126
122
125
119
118
117
117
112
114
116
114
109
105
107
111
109
118
120
124
136
138
139
144
153
148
159
154
157
159
162
161
164
168
165
163
162
161
161
160
159
158
159
156
157
158
161
162
162
158
161
160
159
160
163
160
163
161
163
164
164
159
162
163
159
162
161
157
158
160
161
158
160
158
159
161
160
160
162
162
159
160
161
160
158
157
161
161
159
161
159
161
158
157
159
158
154
162
175
193
202
211
214
220
219
220
223
224
225
223
224
226
224
221
212
202
186
163
135
114
106
106
113
112
110
116
114
118
117
119
121
128
123
121
129
123
126
121
125
129
122
123
126
123
123
122
128
129
128
122
120
123
125
124
128
129
128
131
129
126
122
126
131
126
125
128
130
126
129
124
129
129
126
130
128
128
129
133
134
129
132
126
132
131
130
133
133
132
130
132
134
130
132
132
133
126
111
98
74
66
51
51
46
47
51
160
160
163
164
160
160
160
163
167
159
161
162
163
163
163
158
161
160
159
159
161
163
160
159
158
160
158
161
159
157
160
163
158
155
160
168
168
168
169
172
175
173
176
174
175
179
174
179
177
179
175
174
176
166
161
159
156
145
144
137
125
125
117
110
99
97
93
95
92
94
92
94
100
95
104
105
102
102
104
106
111
105
109
106
102
108
108
115
109
107
111
110
109
107
107
105
103
111
106
103
103
113
108
112
113
112
108
117
118
119
120
117
121
119
129
123
122
128
131
124
130
130
130
125
130
128
130
132
130
135
133
133
130
132
136
134
135
133
132
132
134
133
141
135
136
136
133
131
135
132
132
135
137
137
133
133
134
133
135
137
135
136
137
133
138
135
138
139
140
138
140
138
141
142
138
136
137
132
138
140
145
134
136
138
137
136
141
143
137
141
137
136
144
137
136
135
132
129
137
137
134
134
136
139
136
131
129
131
135
132
139
136
135
129
136
134
134
133
135
130
132
132
133
131
133
138
138
133
134
134
135
137
131
126
129
133
132
131
136
135
134
133
134
136
136
135
136
135
134
137
133
136
133
133
134
135
135
137
141
134
133
137
137
133
134
136
132
137
132
131
134
131
133
130
135
131
134
134
131
129
130
130
131
129
128
132
125
128
133
130
135
133
133
128
130
132
131
134
122
126
129
134
130
130
128
131
129
130
120
123
123
123
119
118
116
116
114
116
107
114
109
107
105
111
115
120
122
128
135
139
144
143
148
155
155
155
160
159
163
163
167
168
165
163
163
158
164
160
159
162
160
158
160
166
161
164
162
160
162
160
164
161
159
157
159
159
159
162
162
163
162
159
159
158
160
158
160
156
162
161
155
156
158
160
162
159
163
161
157
163
158
160
159
162
159
158
163
154
158
159
159
159
160
155
155
166
185
197
206
213
218
218
221
222
224
225
224
224
225
226
223
220
211
196
176
154
126
113
109
108
108
112
114
116
115
119
121
121
120
121
124
125
121
125
122
124
126
123
128
122
123
134
130
123
125
124
121
124
126
125
129
126
126
128
130
125
126
128
129
131
128
120
125
132
130
125
131
131
133
126
126
128
130
133
130
129
130
132
130
132
130
129
131
130
136
135
128
134
131
131
129
122
109
99
85
62
55
46
49
48
46
44
161
161
161
166
162
160
160
158
163
163
163
161
165
159
163
160
161
164
159
162
164
162
162
160
157
157
159
161
161
163
156
159
160
160
161
164
166
166
172
170
175
171
173
175
177
179
179
172
173
175
170
173
170
168
164
154
149
147
138
142
135
128
117
108
99
93
92
91
93
94
98
102
108
98
100
104
103
104
108
108
107
105
106
108
107
108
103
107
105
111
114
110
104
107
107
105
107
108
105
104
109
114
112
114
115
111
112
112
117
120
124
118
123
126
128
129
125
130
125
128
126
126
128
131
128
130
135
134
130
134
137
131
130
133
131
133
137
132
135
135
132
132
135
133
134
135
137
136
139
135
130
135
130
137
134
135
134
135
138
135
132
135
139
133
140
138
142
135
136
137
137
135
136
136
137
138
136
139
140
138
134
134
132
131
137
132
138
138
136
140
136
136
134
142
134
133
133
134
135
137
139
131
138
135
138
134
134
135
133
134
140
135
140
131
133
135
136
131
135
132
130
132
131
129
137
129
133
132
133
134
134
134
137
132
132
135
136
135
133
134
139
132
133
133
137
136
133
135
137
132
134
134
136
132
133
134
134
136
134
133
137
133
137
134
133
134
133
135
135
134
131
133
131
131
134
129
134
131
133
132
131
134
132
130
132
132
131
129
132
129
134
133
137
133
133
133
133
132
133
131
133
136
132
131
129
123
123
126
116
121
121
125
121
115
118
121
116
111
114
109
114
109
107
104
113
117
123
129
132
140
144
141
148
154
155
156
160
159
165
165
167
165
169
161
161
165
161
156
159
162
158
157
161
162
160
165
166
163
164
162
163
165
161
161
160
163
163
161
161
162
160
160
161
160
159
164
159
161
163
164
160
160
158
158
158
163
159
163
155
159
160
162
157
155
160
158
156
157
158
160
161
155
155
155
156
161
174
191
201
209
213
218
221
221
223
223
224
224
226
226
225
221
215
205
190
169
144
113
109
104
104
109
108
111
113
114
119
113
121
120
126
126
120
123
122
120
125
128
125
121
125
125
121
123
123
123
122
120
124
123
123
122
124
123
125
128
128
130
125
126
121
131
126
128
125
125
126
129
131
128
125
128
129
129
131
130
134
133
126
129
128
128
131
134
137
140
135
135
135
130
118
110
94
79
62
48
51
52
48
46
52
53
162
162
162
164
164
161
156
154
164
163
163
162
162
161
162
163
160
165
164
158
162
161
161
159
161
156
158
161
162
160
159
158
159
162
162
162
171
167
169
172
174
174
175
177
177
176
177
179
180
176
175
172
172
173
165
151
148
143
139
136
131
120
110
110
98
94
92
93
89
90
90
96
102
95
100
105
98
103
108
106
105
105
108
109
106
109
112
110
110
106
107
108
106
107
110
108
108
114
107
104
105
108
107
110
116
113
116
117
115
117
119
120
119
123
123
125
131
128
132
129
125
129
128
132
131
129
136
131
132
131
136
130
135
129
137
133
131
133
134
132
130
133
141
135
137
139
136
134
135
138
135
134
136
137
131
134
134
134
138
136
132
135
141
134
137
138
136
138
136
136
135
137
137
138
138
135
137
138
138
134
138
137
131
136
135
139
137
138
133
135
136
140
137
136
137
132
138
135
140
137
137
133
137
134
134
136
131
138
134
136
139
137
136
134
134
136
136
135
138
136
134
137
137
137
132
134
135
134
140
134
137
134
132
135
130
139
132
135
133
136
135
137
137
138
138
144
137
137
133
139
133
134
139
128
133
134
130
133
139
133
137
134
139
135
139
131
136
131
133
135
135
131
135
133
133
134
135
135
134
134
131
135
133
134
130
134
139
132
133
130
133
133
137
133
133
133
134
133
134
131
129
133
132
130
133
129
129
125
123
122
125
124
121
117
117
121
111
113
113
114
107
112
108
112
109
110
117
122
132
136
137
142
145
150
156
154
157
159
158
166
165
165
166
162
163
162
163
160
158
166
161
160
158
160
162
164
162
164
160
164
164
164
162
158
164
162
161
164
163
162
161
159
160
156
160
159
160
159
164
162
163
158
158
158
157
159
159
160
154
151
156
160
159
159
159
163
159
156
156
157
158
161
155
155
154
156
160
180
194
206
211
215
219
220
221
222
224
226
226
228
226
224
220
212
197
181
157
131
110
107
110
108
107
110
116
116
117
115
118
121
124
125
124
124
126
120
125
125
123
125
130
123
120
126
123
126
126
123
122
124
121
122
124
129
123
124
126
128
123
128
128
128
128
131
129
128
125
128
125
125
128
130
131
126
128
130
129
130
130
131
130
133
138
134
133
139
139
139
129
122
109
89
73
57
55
44
46
44
48
47
46
48
163
163
163
161
162
158
164
161
165
161
163
161
161
159
162
162
162
161
167
160
162
163
163
163
156
162
159
159
158
160
157
163
161
161
169
170
168
169
172
177
174
173
175
174
175
170
171
179
170
176
172
172
173
167
164
155
147
145
143
136
130
120
111
105
103
97
87
92
91
90
100
97
91
98
99
103
104
107
110
108
107
106
108
110
109
113
110
112
111
109
110
105
106
99
108
107
104
106
108
106
106
102
108
111
117
116
112
118
116
118
118
122
123
124
120
123
126
125
128
125
126
133
125
134
134
125
130
130
128
134
131
128
131
131
142
131
132
133
136
135
133
137
137
139
135
140
136
134
134
132
133
135
133
136
137
131
131
136
140
132
133
132
136
135
140
140
134
137
137
137
135
136
136
137
140
139
136
136
138
134
135
137
138
138
141
135
135
139
132
136
135
135
133
140
136
137
134
134
133
135
139
132
134
137
140
134
138
137
137
138
140
136
136
139
134
138
135
134
131
130
135
134
131
137
134
136
136
133
134
135
137
138
132
132
135
129
134
137
135
137
134
140
140
141
137
138
138
139
137
137
135
135
142
132
135
135
134
131
136
