# Fichier de description de cascade de classifieurs (Haar)
# pour l'algorithme de detection d'objets
D 24 24
R 6 4 12 9 -1.
R 6 7 12 3 3.
F -0.0315119996666908 2.0875380039215088 -2.2172100543975830
R 6 4 12 7 -1.
R 10 4 4 7 3.
F 0.0123960003256798 -1.8633940219879150 1.3272049427032471
R 3 9 18 9 -1.
R 3 12 18 3 3.
F 0.0219279993325472 -1.5105249881744385 1.0625729560852051
R 8 18 9 6 -1.
R 8 20 9 2 3.
F 5.7529998011887074e-003 -0.8746389746665955 1.1760339736938477
R 3 5 4 19 -1.
R 5 5 2 19 2.
F 0.0150140002369881 -0.7794569730758667 1.2608419656753540
R 6 5 12 16 -1.
R 6 13 12 8 2.
F 0.0993710011243820 0.5575129985809326 -1.8743000030517578
R 5 8 12 6 -1.
R 5 11 12 3 2.
F 2.7340000960975885e-003 -1.6911929845809937 0.4400970041751862
R 11 14 4 10 -1.
R 11 19 4 5 2.
F -0.0188590008765459 -1.4769539833068848 0.4435009956359863
R 4 0 7 6 -1.
R 4 3 7 3 2.
F 5.9739998541772366e-003 -0.8590919971466065 0.8525559902191162
S -5.0425500869750977
R 6 6 12 6 -1.
R 6 8 12 2 3.
F -0.0211100000888109 1.2435649633407593 -1.5713009834289551
R 6 4 12 7 -1.
R 10 4 4 7 3.
F 0.0203559994697571 -1.6204780340194702 1.1817760467529297
R 1 8 19 12 -1.
R 1 12 19 4 3.
F 0.0213089995086193 -1.9415930509567261 0.7006909847259522
R 0 2 24 3 -1.
R 8 2 8 3 3.
F 0.0916600003838539 -0.5567010045051575 1.7284419536590576
R 9 9 6 15 -1.
R 9 14 6 5 3.
F 0.0362880006432533 0.2676379978656769 -2.1831810474395752
R 5 6 14 10 -1.
R 5 11 14 5 2.
F -0.0191099997609854 -2.6730210781097412 0.4567080140113831
R 5 0 14 9 -1.
R 5 3 14 3 3.
F 8.2539999857544899e-003 -1.0852910280227661 0.5356420278549194
R 13 11 9 6 -1.
R 16 11 3 6 3.
F 0.0183550007641315 -0.3520019948482513 0.9333919882774353
R 7 5 6 10 -1.
R 9 5 2 10 3.
F -7.0569999516010284e-003 0.9278209805488586 -0.6634989976882935
R 10 8 6 10 -1.
R 12 8 2 10 3.
F -9.8770000040531158e-003 1.1577470302581787 -0.2977479994297028
R 2 5 4 9 -1.
R 4 5 2 9 2.
F 0.0158140007406473 -0.4196060001850128 1.3576040267944336
R 18 0 6 11 -1.
R 20 0 2 11 3.
F -0.0207000002264977 1.4590020179748535 -0.1973939985036850
R 0 6 24 13 -1.
R 8 6 8 13 3.
F -0.1376080065965653 1.1186759471893311 -0.5291550159454346
R 9 6 6 9 -1.
R 11 6 2 9 3.
F 0.0143189998343587 -0.3512719869613648 1.1440860033035278
R 7 18 10 6 -1.
R 7 20 10 2 3.
F 0.0102530000731349 -0.6085060238838196 0.7709850072860718
R 5 7 14 12 -1.
R 5 13 14 6 2.
F 0.0915080010890961 0.3881779909133911 -1.5122940540313721
S -4.9842400550842285
R 0 3 24 3 -1.
R 8 3 8 3 3.
F 0.0697470009326935 -1.0130879878997803 1.4687349796295166
R 5 8 15 6 -1.
R 5 11 15 3 2.
F 0.0315029993653297 -1.6463639736175537 1.0000629425048828
R 9 6 5 14 -1.
R 9 13 5 7 2.
F 0.0142609998583794 0.4648030102252960 -1.5959889888763428
R 9 5 6 10 -1.
R 11 5 2 10 3.
F 0.0144530003890395 -0.6551190018653870 0.8302180171012878
R 6 6 3 12 -1.
R 6 12 3 6 2.
F -3.0509999487549067e-003 -1.3982310295104980 0.4255059957504273
R 3 21 18 3 -1.
R 9 21 6 3 3.
F 0.0327229984104633 -0.5070260167121887 1.0526109933853149
R 5 6 13 6 -1.
R 5 8 13 2 3.
F -7.2960001416504383e-003 0.3635689914226532 -1.3464889526367187
R 18 1 6 15 -1.
R 18 1 3 15 2.
F 0.0504250004887581 -0.3046140074729919 1.4504129886627197
R 1 1 6 15 -1.
R 4 1 3 15 2.
F 0.0468790009617805 -0.4028620123863220 1.2145609855651855
R 0 8 24 15 -1.
R 8 8 8 15 3.
F -0.0693589970469475 1.0539360046386719 -0.4571970105171204
R 5 6 14 12 -1.
R 5 6 7 6 2.
R 12 12 7 6 2.
F -0.0490339994430542 -1.6253089904785156 0.1537899971008301
R 2 12 21 12 -1.
R 2 16 21 4 3.
F 0.0848279967904091 0.2840299904346466 -1.5662059783935547
R 8 1 4 10 -1.
R 10 1 2 10 2.
F -1.7229999648407102e-003 -1.0147459506988525 0.2329480051994324
R 2 13 20 10 -1.
R 2 13 10 10 2.
F 0.1156219989061356 -0.1673289984464645 1.2804069519042969
R 0 1 6 13 -1.
R 2 1 2 13 3.
F -0.0512799993157387 1.5162390470504761 -0.3027110099792481
R 20 2 4 13 -1.
R 20 2 2 13 2.
F -0.0427069999277592 1.7631920576095581 -0.0518320016562939
R 0 5 22 19 -1.
R 11 5 11 19 2.
F 0.3717809915542603 -0.3138920068740845 1.5357979536056519
R 18 4 6 9 -1.
R 20 4 2 9 3.
F 0.0194129999727011 -0.1001759991049767 0.9365540146827698
R 0 3 6 11 -1.
R 2 3 2 11 3.
F 0.0174390003085136 -0.4037989974021912 0.9629300236701965
R 12 1 4 9 -1.
R 12 1 2 9 2.
F 0.0396389998495579 0.1703909933567047 -2.9602990150451660
R 0 6 19 3 -1.
R 0 7 19 1 3.
F -9.1469995677471161e-003 0.8878679871559143 -0.4381870031356812
R 12 1 4 9 -1.
R 12 1 2 9 2.
F 1.7219999572262168e-003 -0.3721860051155090 0.4001890122890472
R 8 1 4 9 -1.
R 10 1 2 9 2.
F 0.0302310008555651 0.0659240037202835 -2.6469180583953857
R 5 5 14 14 -1.
R 12 5 7 7 2.
R 5 12 7 7 2.
F -0.0787959992885590 -1.7491459846496582 0.2847529947757721
R 1 10 18 2 -1.
R 1 11 18 1 2.
F 2.1110000088810921e-003 -0.9390810132026672 0.2320519983768463
R 17 13 4 11 -1.
R 17 13 2 11 2.
F 0.0270910002291203 -0.0526640005409718 1.0756820440292358
R 0 4 6 9 -1.
R 0 7 6 3 3.
F -0.0449649989604950 -1.8294479846954346 0.0995619967579842
S -4.6551899909973145
R 6 4 12 9 -1.
R 6 7 12 3 3.
F -0.0657010003924370 1.1558510065078735 -1.0716359615325928
R 6 5 12 6 -1.
R 10 5 4 6 3.
F 0.0158399995416403 -1.5634720325469971 0.7687709927558899
R 0 1 24 5 -1.
R 8 1 8 5 3.
F 0.1457089930772781 -0.5745009779930115 1.3808720111846924
R 4 10 18 6 -1.
R 4 12 18 2 3.
F 6.1389999464154243e-003 -1.4570560455322266 0.5161030292510986
R 2 17 12 6 -1.
R 2 17 6 3 2.
R 8 20 6 3 2.
F 6.7179999314248562e-003 -0.8353360295295715 0.5852220058441162
R 19 3 4 13 -1.
R 19 3 2 13 2.
F 0.0185180008411407 -0.3131209909915924 1.1696679592132568
R 1 3 4 13 -1.
R 3 3 2 13 2.
F 0.0199580006301403 -0.4344260096549988 0.9544690251350403
R 0 1 24 23 -1.
R 8 1 8 23 3.
F -0.2775500118732452 1.4906179904937744 -0.1381590068340302
R 1 7 8 12 -1.
R 1 11 8 4 3.
F 9.1859996318817139e-003 -0.9636150002479553 0.2766549885272980
R 14 7 3 14 -1.
R 14 14 3 7 2.
F -0.0377379991114140 -2.4464108943939209 0.2361959964036942
R 3 12 16 6 -1.
R 3 12 8 3 2.
R 11 15 8 3 2.
F 0.0184630006551743 0.1753920018672943 -1.3423130512237549
R 6 6 12 6 -1.
R 6 8 12 2 3.
F -0.0111149996519089 0.4871079921722412 -0.8985189795494080
R 8 7 6 12 -1.
R 8 13 6 6 2.
F 0.0339279994368553 0.1787420064210892 -1.6342279911041260
R 15 15 9 6 -1.
R 15 17 9 2 3.
F -0.0356490015983582 -1.9607399702072144 0.1810249984264374
R 1 17 18 3 -1.
R 1 18 18 1 3.
F -0.0114380000159144 0.9901069998741150 -0.3810319900512695
R 4 4 16 12 -1.
R 4 10 16 6 2.
F -0.0652360022068024 -2.5794160366058350 0.2475360035896301
R 0 1 4 20 -1.
R 2 1 2 20 2.
F -0.0422720015048981 1.4411840438842773 -0.2950829863548279
R 3 0 18 2 -1.
R 3 1 18 1 2.
F 1.9219999667257071e-003 -0.4960860013961792 0.6317359805107117
R 1 5 20 14 -1.
R 1 5 10 7 2.
R 11 12 10 7 2.
F -0.1292179971933365 -2.3314270973205566 0.0544969998300076
R 5 8 14 12 -1.
R 5 12 14 4 3.
F 0.0229310002177954 -0.8444709777832031 0.3873809874057770
R 3 14 7 9 -1.
R 3 17 7 3 3.
F -0.0341200008988380 -1.4431500434875488 0.0984229966998100
R 14 15 9 6 -1.
R 14 17 9 2 3.
F 0.0262230001389980 0.1822309941053391 -1.2586519718170166
R 1 15 9 6 -1.
R 1 17 9 2 3.
F 0.0222369991242886 0.0698079988360405 -2.3820950984954834
R 11 6 8 10 -1.
R 15 6 4 5 2.
R 11 11 4 5 2.
F -5.8240001089870930e-003 0.3933250010013580 -0.2754279971122742
R 5 5 14 14 -1.
R 5 5 7 7 2.
R 12 12 7 7 2.
F 0.0436530001461506 0.1483269929885864 -1.1368780136108398
R 6 0 12 5 -1.
R 10 0 4 5 3.
F 0.0572669990360737 0.2462809979915619 -1.2687400579452515
R 9 0 6 9 -1.
R 9 3 6 3 3.
F 2.3409998975694180e-003 -0.7544890046119690 0.2716380059719086
R 9 6 6 9 -1.
R 11 6 2 9 3.
F 0.0129960002377629 -0.3639490008354187 0.7095919847488403
R 7 0 6 9 -1.
R 9 0 2 9 3.
F -0.0265170000493526 -2.3221859931945801 0.0357440002262592
R 10 6 6 9 -1.
R 12 6 2 9 3.
F -5.8400002308189869e-003 0.4219430088996887 -0.0481849983334541
R 8 6 6 9 -1.
R 10 6 2 9 3.
F -0.0165689997375011 1.1099940538406372 -0.3484970033168793
R 3 8 18 4 -1.
R 9 8 6 4 3.
F -0.0681570023298264 -3.3269989490509033 0.2129900008440018
S -4.4531588554382324
R 6 0 12 9 -1.
R 6 3 12 3 3.
F 0.0399740003049374 -1.2173449993133545 1.0826710462570190
R 0 0 24 6 -1.
R 8 0 8 6 3.
F 0.1881950050592423 -0.4828940033912659 1.4045250415802002
R 4 7 16 12 -1.
R 4 11 16 4 3.
F 0.0780270025134087 -1.0782150030136108 0.7404029965400696
R 11 6 6 6 -1.
R 11 6 3 6 2.
F 1.1899999663000926e-004 -1.2019979953765869 0.3774920105934143
R 0 20 24 3 -1.
R 8 20 8 3 3.
F 0.0850569978356361 -0.4393909871578217 1.2647340297698975
R 11 6 4 9 -1.
R 11 6 2 9 2.
F 8.9720003306865692e-003 -0.1844049990177155 0.4572640061378479
R 4 13 15 4 -1.
R 9 13 5 4 3.
F 8.8120000436902046e-003 0.3039669990539551 -0.9599109888076782
R 11 6 4 9 -1.
R 11 6 2 9 2.
F -0.0235079992562532 1.2487529516220093 0.0462279990315437
R 9 6 4 9 -1.
R 11 6 2 9 2.
F 7.0039997808635235e-003 -0.5944210290908814 0.5396329760551453
R 9 12 6 12 -1.
R 9 18 6 6 2.
F 0.0338519997894764 0.2849609851837158 -1.4895249605178833
R 1 22 18 2 -1.
R 1 23 18 1 2.
F -3.2530000898987055e-003 0.4812079966068268 -0.5271239876747131
R 10 7 4 10 -1.
R 10 12 4 5 2.
F 0.0290970001369715 0.2674390077590942 -1.6007850170135498
R 6 7 8 10 -1.
R 6 12 8 5 2.
F -8.4790000692009926e-003 -1.3107639551162720 0.1524309962987900
R 7 6 10 6 -1.
R 7 8 10 2 3.
F -0.0107950000092387 0.4561359882354736 -0.7205089926719666
R 0 14 10 4 -1.
R 0 16 10 2 2.
F -0.0246200002729893 -1.7320619821548462 0.0683630034327507
R 6 18 18 2 -1.
R 6 19 18 1 2.
F 3.7380000576376915e-003 -0.1930329948663712 0.6824349761009216
R 1 1 22 3 -1.
R 1 2 22 1 3.
F -0.0122640002518892 -1.6095290184020996 0.0752680003643036
R 6 16 18 3 -1.
R 6 17 18 1 3.
F -4.8670000396668911e-003 0.7428650259971619 -0.2151020020246506
R 2 4 6 15 -1.
R 5 4 3 15 2.
F 0.0767259970307350 -0.2683509886264801 1.3094140291213989
R 20 4 4 10 -1.
R 20 4 2 10 2.
F 0.0285780001431704 -0.0587930008769035 1.2196329832077026
R 0 4 4 10 -1.
R 2 4 2 10 2.
F 0.0196940004825592 -0.3514289855957031 0.8492699861526489
R 2 16 20 6 -1.
R 12 16 10 3 2.
R 2 19 10 3 2.
F -0.0290939994156361 -1.0507299900054932 0.2980630099773407
R 0 12 8 9 -1.
R 4 12 4 9 2.
F -0.0291440002620220 0.8254780173301697 -0.3268719911575317
R 12 0 6 9 -1.
R 14 0 2 9 3.
F 0.0197410006076097 0.2045260071754456 -0.8376020193099976
R 5 10 6 6 -1.
R 8 10 3 6 2.
F 4.3299999088048935e-003 0.2057790011167526 -0.6682980060577393
R 11 8 12 6 -1.
R 17 8 6 3 2.
R 11 11 6 3 2.
F -0.0355009995400906 -1.2969900369644165 0.1389749944210053
R 0 8 12 6 -1.
R 0 8 6 3 2.
R 6 11 6 3 2.
F -0.0161729995161295 -1.3110569715499878 0.0757519975304604
R 12 0 6 9 -1.
R 14 0 2 9 3.
F -0.0221510007977486 -1.0524389743804932 0.1924110054969788
R 6 0 6 9 -1.
R 8 0 2 9 3.
F -0.0227070003747940 -1.3735309839248657 0.0667809993028641
R 8 14 9 6 -1.
R 8 16 9 2 3.
F 0.0166079998016357 -0.0371359996497631 0.7784640192985535
R 0 16 9 6 -1.
R 0 18 9 2 3.
F -0.0133090000599623 -0.9985070228576660 0.1224810034036636
R 10 8 6 10 -1.
R 12 8 2 10 3.
F -0.0337320007383823 1.4461359977722168 0.0131519995629787
R 3 19 12 3 -1.
R 9 19 6 3 2.
F 0.0169350001960993 -0.3712129890918732 0.5284219980239868
R 2 10 20 2 -1.
R 2 11 20 1 2.
F 3.3259999472647905e-003 -0.5756850242614746 0.3926190137863159
R 2 9 18 12 -1.
R 2 9 9 6 2.
R 11 15 9 6 2.
F 0.0836440026760101 0.0161160007119179 -2.1173279285430908
R 3 0 18 24 -1.
R 3 0 9 24 2.
F 0.2578519880771637 -0.0816090032458305 0.9878249764442444
R 5 6 14 10 -1.
R 5 6 7 5 2.
R 12 11 7 5 2.
F -0.0365669988095760 -1.1512110233306885 0.0964590013027191
R 9 5 10 12 -1.
R 14 5 5 6 2.
R 9 11 5 6 2.
F -0.0164459999650717 0.3731549978256226 -0.1458539962768555
R 4 5 12 12 -1.
R 4 5 6 6 2.
R 10 11 6 6 2.
F -3.7519999314099550e-003 0.2617929875850678 -0.5815669894218445
R 4 14 18 3 -1.
R 4 15 18 1 3.
F -6.3660000450909138e-003 0.7547739744186401 -0.1705520004034042
R 6 13 8 8 -1.
R 6 17 8 4 2.
F -3.8499999791383743e-003 0.2265399992465973 -0.6387640237808228
R 3 16 18 6 -1.
R 3 19 18 3 2.
F -0.0454940013587475 -1.2640299797058105 0.2526069879531860
R 0 0 6 6 -1.
R 3 0 3 6 2.
F -0.0239410009235144 0.8706840276718140 -0.2710469961166382
R 6 6 12 18 -1.
R 10 6 4 18 3.
F -0.0775580033659935 -1.3901610374450684 0.2361229956150055
R 6 1 4 14 -1.
R 8 1 2 14 2.
F 0.0236140005290508 0.0661400035023689 -1.2645419836044312
R 3 2 19 2 -1.
R 3 3 19 1 2.
F -2.5750000495463610e-003 -0.5384169816970825 0.3037909865379334
R 1 8 22 13 -1.
R 12 8 11 13 2.
F 0.1201080009341240 -0.3534300029277802 0.5286620259284973
R 8 9 11 4 -1.
R 8 11 11 2 2.
F 2.2899999748915434e-003 -0.5870199799537659 0.2406100034713745
R 0 12 15 10 -1.
R 5 12 5 10 3.
F 0.0697169974446297 -0.3334890007972717 0.5191630125045776
R 12 16 12 6 -1.
R 16 16 4 6 3.
F -0.0466700010001659 0.6979539990425110 -0.0148959998041391
R 0 16 12 6 -1.
R 4 16 4 6 3.
F -0.0501290000975132 0.8614619970321655 -0.2598600089550018
R 19 1 5 12 -1.
R 19 5 5 4 3.
F 0.0301479995250702 0.1933279931545258 -0.5913109779357910
S -4.3864588737487793
R 0 2 24 4 -1.
R 8 2 8 4 3.
F 0.0910850018262863 -0.8923310041427612 1.0434230566024780
R 6 8 12 4 -1.
R 6 10 12 2 2.
F 0.0128189995884895 -1.2597670555114746 0.5531709790229797
R 7 5 9 6 -1.
R 10 5 3 6 3.
F 0.0159319993108511 -0.8625440001487732 0.6373180150985718
R 9 17 6 6 -1.
R 9 20 6 3 2.
F 2.2780001163482666e-003 -0.7463920116424561 0.5315560102462769
R 0 7 22 15 -1.
R 0 12 22 5 3.
F 0.0318409986793995 -1.2650489807128906 0.3615390062332153
R 4 1 17 9 -1.
R 4 4 17 3 3.
F 2.6960000395774841e-003 -0.9829040169715881 0.3601300120353699
R 7 5 6 10 -1.
R 9 5 2 10 3.
F -0.0120550002902746 0.6406840085983276 -0.5012500286102295
R 18 1 6 8 -1.
R 18 1 3 8 2.
F 0.0213249996304512 -0.2403499931097031 0.8544800281524658
R 0 1 6 7 -1.
R 3 1 3 7 2.
F 0.0304860007017851 -0.3427360057830811 1.1428849697113037
R 18 0 6 22 -1.
R 18 0 3 22 2.
F -0.0450799986720085 1.0976949930191040 -0.1797460019588471
R 0 0 6 22 -1.
R 3 0 3 22 2.
F -0.0717009976506233 1.5735000371932983 -0.3143349885940552
R 16 7 8 16 -1.
R 16 7 4 16 2.
F 0.0592180006206036 -0.2758240103721619 1.0448570251464844
R 2 10 19 6 -1.
R 2 12 19 2 3.
F 6.7010000348091125e-003 -1.0974019765853882 0.1980119943618774
R 9 9 6 12 -1.
R 9 13 6 4 3.
F 0.0410469993948936 0.3054769933223724 -1.3287999629974365
R 2 15 17 6 -1.
R 2 17 17 2 3.
F -8.5499999113380909e-004 0.2580710053443909 -0.7005289793014526
R 14 7 3 14 -1.
R 14 14 3 7 2.
F -0.0303600002080202 -1.2306419610977173 0.2260939925909042
R 5 6 8 10 -1.
R 5 6 4 5 2.
R 9 11 4 5 2.
F -0.0129300002008677 0.4075860083103180 -0.5123450160026550
R 15 8 9 11 -1.
R 18 8 3 11 3.
F 0.0373679995536804 -0.0947550013661385 0.6176509857177734
R 0 8 9 11 -1.
R 3 8 3 11 3.
F 0.0244340002536774 -0.4110060036182404 0.4763050079345703
R 8 6 10 18 -1.
R 8 15 10 9 2.
F 0.0570079982280731 0.2524929940700531 -0.6866980195045471
R 7 7 3 14 -1.
R 7 14 3 7 2.
F -0.0163139998912811 -0.9392840266227722 0.1144810020923615
R 0 14 24 8 -1.
R 8 14 8 8 3.
F -0.1764889955520630 1.2451089620590210 -0.0565190017223358
R 1 10 18 14 -1.
R 10 10 9 14 2.
F 0.1761460006237030 -0.3252820074558258 0.8279150128364563
R 14 12 6 6 -1.
R 14 15 6 3 2.
F -7.3910001665353775e-003 0.3478370010852814 -0.1792909950017929
R 7 0 10 16 -1.
R 7 0 5 8 2.
R 12 8 5 8 2.
F 0.0608909986913204 0.0550980009138584 -1.5480779409408569
R 10 0 9 6 -1.
R 13 0 3 6 3.
F -0.0291230008006096 -1.0255639553070068 0.2410690039396286
R 4 3 16 4 -1.
R 12 3 8 4 2.
F -0.0456489995121956 1.0301599502563477 -0.3167209923267365
R 10 0 9 6 -1.
R 13 0 3 6 3.
F 0.0373330004513264 0.2162059992551804 -0.8258990049362183
R 1 1 20 4 -1.
R 1 1 10 2 2.
R 11 3 10 2 2.
F -0.0244110003113747 -1.5957959890365601 0.0511390008032322
R 10 0 9 6 -1.
R 13 0 3 6 3.
F -0.0598069988191128 -1.0312290191650391 0.1309230029582977
R 5 0 9 6 -1.
R 8 0 3 6 3.
F -0.0301060006022453 -1.4781630039215088 0.0372119992971420
R 8 18 10 6 -1.
R 8 20 10 2 3.
F 7.4209999293088913e-003 -0.2402410060167313 0.4933399856090546
R 6 3 6 9 -1.
R 8 3 2 9 3.
F -2.1909999195486307e-003 0.2894150018692017 -0.5725960135459900
R 7 3 12 6 -1.
R 7 5 12 2 3.
F 0.0208609998226166 -0.2314839959144592 0.6376590132713318
R 0 10 18 3 -1.
R 0 11 18 1 3.
F -6.6990000195801258e-003 -1.2107750177383423 0.0640180036425591
R 1 10 22 3 -1.
R 1 11 22 1 3.
F 0.0187580008059740 0.2446130067110062 -0.9978669881820679
R 5 11 8 8 -1.
R 9 11 4 8 2.
F -0.0443230010569096 -1.3699189424514771 0.0360519997775555
R 12 11 6 6 -1.
R 12 11 3 6 2.
F 0.0228599999099970 0.2128839939832687 -1.0397620201110840
R 6 11 6 6 -1.
R 9 11 3 6 2.
F -9.8600005730986595e-004 0.3244360089302063 -0.5429180264472961
R 7 10 11 6 -1.
R 7 12 11 2 3.
F 0.0172390006482601 -0.2832390069961548 0.4446820020675659
R 0 13 24 4 -1.
R 0 13 12 2 2.
R 12 15 12 2 2.
F -0.0345310010015965 -2.3107020854949951 -3.1399999279528856e-003
R 2 4 22 12 -1.
R 13 4 11 6 2.
R 2 10 11 6 2.
F 0.0670069977641106 0.2871569991111755 -0.6448100209236145
R 2 0 20 17 -1.
R 12 0 10 17 2.
F 0.2377689927816391 -0.2717480063438416 0.8021910190582275
R 14 0 2 24 -1.
R 14 0 1 24 2.
F -0.0129030002281070 -1.5317620038986206 0.2142360061407089
R 8 0 2 24 -1.
R 9 0 1 24 2.
F 0.0105149997398257 0.0770379975438118 -1.0581140518188477
R 14 1 2 22 -1.
R 14 1 1 22 2.
F 0.0169690009206533 0.1430670022964478 -0.8582839965820313
R 8 1 2 22 -1.
R 9 1 1 22 2.
F -7.2460002265870571e-003 -1.1020129919052124 0.0649069994688034
R 17 6 3 18 -1.
R 18 6 1 18 3.
F 0.0105569995939732 0.0139640001580119 0.6360149979591370
R 6 14 9 6 -1.
R 6 16 9 2 3.
F 6.1380001716315746e-003 -0.3454590141773224 0.5629680156707764
R 13 14 9 4 -1.
R 13 16 9 2 2.
F 0.0131580000743270 0.1992730051279068 -1.5040320158004761
R 3 18 18 3 -1.
R 3 19 18 1 3.
F 3.1310000922530890e-003 -0.4090369939804077 0.3779639899730682
R 9 4 8 18 -1.
R 13 4 4 9 2.
R 9 13 4 9 2.
F -0.1092069968581200 -2.2227079868316650 0.1217819973826408
R 0 17 18 3 -1.
R 0 18 18 1 3.
F 8.1820003688335419e-003 -0.2865200042724609 0.6789079904556274
S -4.1299300193786621
R 0 2 12 4 -1.
R 6 2 6 4 2.
F 0.0313469991087914 -0.8888459801673889 0.9493680000305176
R 6 8 14 6 -1.
R 6 11 14 3 2.
F 0.0319180004298687 -1.1146880388259888 0.4888899922370911
R 7 5 6 6 -1.
R 10 5 3 6 2.
F 6.5939999185502529e-003 -1.0097689628601074 0.4972380101680756
R 10 5 6 16 -1.
R 10 13 6 8 2.
F 0.0261480007320642 0.2599129974842072 -1.2537480592727661
R 1 4 9 16 -1.
R 4 4 3 16 3.
F 0.0128450002521276 -0.5713859796524048 0.5965949892997742
R 5 0 18 9 -1.
R 5 3 18 3 3.
F 0.0263449996709824 -0.5520319938659668 0.3021740019321442
R 9 15 5 8 -1.
R 9 19 5 4 2.
F -0.0150830000638962 -1.2871240377426147 0.2235420048236847
R 20 0 4 9 -1.
R 20 0 2 9 2.
F -0.0388870015740395 1.7425049543380737 -0.0997470021247864
R 2 0 18 3 -1.
R 2 1 18 1 3.
F -5.7029998861253262e-003 -1.0523240566253662 0.1836259961128235
R 5 22 19 2 -1.
R 5 23 19 1 2.
F -1.4860000228509307e-003 0.5678420066833496 -0.4674200117588043
R 0 0 4 9 -1.
R 2 0 2 9 2.
F -0.0284860003739595 1.3082909584045410 -0.2646090090274811
R 5 6 19 18 -1.
R 5 12 19 6 3.
F 0.0662249997258186 -0.4621070027351379 0.4174959957599640
R 0 1 6 9 -1.
R 2 1 2 9 3.
F 8.8569996878504753e-003 -0.4147489964962006 0.5920479893684387
R 6 5 14 12 -1.
R 13 5 7 6 2.
R 6 11 7 6 2.
F 0.0113559998571873 0.3610309958457947 -0.4578120112419128
R 0 1 20 2 -1.
R 0 2 20 1 2.
F -2.7679998893290758e-003 -0.8923889994621277 0.1419900059700012
R 1 2 22 3 -1.
R 1 3 22 1 3.
F 0.0112469997256994 0.2935340106487274 -0.9733060002326965
R 2 8 7 9 -1.
R 2 11 7 3 3.
F 7.1970000863075256e-003 -0.7933490276336670 0.1831340044736862
R 2 12 22 4 -1.
R 13 12 11 2 2.
R 2 14 11 2 2.
F 0.0317689999938011 0.1552309989929199 -1.3245639801025391
R 0 12 22 4 -1.
R 0 12 11 2 2.
R 11 14 11 2 2.
F 0.0251739993691444 0.0342149995267391 -2.0948131084442139
R 9 7 6 11 -1.
R 11 7 2 11 3.
F 7.5360001064836979e-003 -0.3945060074329376 0.5133399963378906
R 7 1 9 6 -1.
R 10 1 3 6 3.
F 0.0328730009496212 0.0883729979395866 -1.2814120054244995
R 11 2 4 10 -1.
R 11 7 4 5 2.
F -2.7379998937249184e-003 0.5528650283813477 -0.4638499915599823
R 6 4 12 12 -1.
R 6 10 12 6 2.
F -0.0380750000476837 -1.8497270345687866 0.0459440015256405
R 18 1 6 15 -1.
R 18 6 6 5 3.
F -0.0389840006828308 -0.4822370111942291 0.3476060032844544
R 3 15 18 3 -1.
R 3 16 18 1 3.
F 2.8029999230057001e-003 -0.4515469968318939 0.4280630052089691
R 18 5 6 9 -1.
R 18 8 6 3 3.
F -0.0541459992527962 -0.8452079892158508 0.1667490005493164
R 1 5 16 6 -1.
R 1 5 8 3 2.
R 9 8 8 3 2.
F -8.3280000835657120e-003 0.3534829914569855 -0.4716320037841797
R 11 0 6 9 -1.
R 13 0 2 9 3.
F 0.0337780006229877 0.1846310049295425 -1.6686669588088989
R 0 4 24 14 -1.
R 0 4 12 7 2.
R 12 11 12 7 2.
F -0.1123809963464737 -1.2521569728851318 0.0359920002520084
R 13 0 4 13 -1.
R 13 0 2 13 2.
F -0.0104080000892282 -0.8162040114402771 0.2342859953641892
R 7 0 4 13 -1.
R 9 0 2 13 2.
F -4.9439999274909496e-003 -0.9258469939231873 0.1003480032086372
R 11 6 6 9 -1.
R 13 6 2 9 3.
F -9.3029998242855072e-003 0.5649930238723755 -0.1888190060853958
R 8 7 6 9 -1.
R 10 7 2 9 3.
F -0.0117499995976686 0.8030239939689636 -0.3827700018882752
R 13 17 9 6 -1.
R 13 19 9 2 3.
F -0.0232170000672340 -0.8492699861526489 0.1967120021581650
R 2 18 14 6 -1.
R 2 18 7 3 2.
R 9 21 7 3 2.
F 0.0168660003691912 -0.4059189856052399 0.5069530010223389
R 3 18 18 4 -1.
R 12 18 9 2 2.
R 3 20 9 2 2.
F -0.0240310002118349 -1.5297520160675049 0.2334499955177307
R 0 20 15 4 -1.
R 5 20 5 4 3.
F -0.0369459986686707 0.6300770044326782 -0.3178040087223053
R 9 15 15 9 -1.
R 14 15 5 9 3.
F -0.0615639984607697 0.5862789750099182 -0.0121079999953508
R 4 4 16 4 -1.
R 4 6 16 2 2.
F 0.0216610003262758 -0.2562370002269745 1.0409849882125854
R 7 6 10 6 -1.
R 7 8 10 2 3.
F -3.6710000131279230e-003 0.2917110025882721 -0.8328729867935181
R 0 14 15 10 -1.
R 5 14 5 10 3.
F 0.0448490008711815 -0.3963319957256317 0.4566200077533722
R 7 9 10 14 -1.
R 12 9 5 7 2.
R 7 16 5 7 2.
F 0.0571950003504753 0.2102389931678772 -1.5004800558090210
R 7 6 6 9 -1.
R 9 6 2 9 3.
F -0.0113420002162457 0.4407129883766174 -0.3865379989147186
R 3 6 18 3 -1.
R 3 7 18 1 3.
F -0.0120040001347661 0.9395459890365601 -0.1058949977159500
R 0 10 18 3 -1.
R 0 11 18 1 3.
F 0.0225159991532564 9.4480002298951149e-003 -1.6799509525299072
R 3 16 18 4 -1.
R 12 16 9 2 2.
R 3 18 9 2 2.
F -0.0198090001940727 -1.0133639574050903 0.2414660006761551
R 4 6 14 6 -1.
R 4 6 7 3 2.
R 11 9 7 3 2.
F 0.0158910006284714 -0.3750759959220886 0.4661409854888916
R 13 0 2 18 -1.
R 13 0 1 18 2.
F -9.1420002281665802e-003 -0.8048409819602966 0.1781699955463409
R 9 0 2 18 -1.
R 10 0 1 18 2.
F -4.4740000739693642e-003 -1.0562069416046143 0.0733050033450127
R 5 7 15 10 -1.
R 10 7 5 10 3.
F 0.1274250000715256 0.2016559988260269 -1.5467929840087891
R 1 20 21 4 -1.
R 8 20 7 4 3.
F 0.0477030016481876 -0.3793779909610748 0.3788599967956543
R 10 5 5 18 -1.
R 10 14 5 9 2.
F 0.0536080002784729 0.2122049927711487 -1.2399710416793823
R 0 2 24 6 -1.
R 0 2 12 3 2.
R 12 5 12 3 2.
F -0.0396809987723827 -1.0257550477981567 0.0512829981744289
R 1 1 22 8 -1.
R 12 1 11 4 2.
R 1 5 11 4 2.
F -0.0673270002007484 -1.0304750204086304 0.2300529927015305
R 4 0 15 9 -1.
R 4 3 15 3 3.
F 0.1333760023117065 -0.2086900025606155 1.2272510528564453
R 0 0 24 19 -1.
R 8 0 8 19 3.
F -0.2091930061578751 0.8792989850044251 -0.0442549996078014
R 2 21 18 3 -1.
R 11 21 9 3 2.
F -0.0655890032649040 1.0443429946899414 -0.2168209999799728
R 9 7 10 4 -1.
R 9 7 5 4 2.
F 0.0618829987943172 0.1379819959402084 -1.9009059667587280
R 5 7 10 4 -1.
R 10 7 5 4 2.
F -0.0255789998918772 -1.6607600450515747 5.8439997956156731e-003
R 17 8 6 16 -1.
R 20 8 3 8 2.
R 17 16 3 8 2.
F -0.0348270013928413 0.7994040250778198 -0.0824069976806641
R 1 15 20 4 -1.
R 1 15 10 2 2.
R 11 17 10 2 2.
F -0.0182099994271994 -0.9607399702072144 0.0663200020790100
R 14 15 10 6 -1.
R 14 17 10 2 3.
F 0.0150709999725223 0.1989939957857132 -0.7643300294876099
S -4.0218091011047363
R 3 0 16 9 -1.
R 3 3 16 3 3.
F 0.0463249981403351 -1.0362670421600342 0.8220149874687195
R 15 6 7 15 -1.
R 15 11 7 5 3.
F 0.0154069997370243 -1.2327589988708496 0.2964769899845123
R 9 1 6 13 -1.
R 11 1 2 13 3.
F 0.0128089999780059 -0.7585229873657227 0.5798550248146057
R 17 2 6 14 -1.
R 17 2 3 14 2.
F 0.0491509996354580 -0.3898389935493469 0.8968030214309692
R 3 14 12 10 -1.
R 3 14 6 5 2.
R 9 19 6 5 2.
F 0.0126210004091263 -0.7179930210113525 0.5044090151786804
R 7 6 10 6 -1.
R 7 8 10 2 3.
F -0.0187689997255802 0.5514760017395020 -0.7055540084838867
R 1 2 6 14 -1.
R 4 2 3 14 2.
F 0.0419650003314018 -0.4478209912776947 0.7098550200462341
R 10 4 5 12 -1.
R 10 8 5 4 3.
F -0.0514019988477230 -1.0932120084762573 0.2670190036296845
R 0 17 24 5 -1.
R 8 17 8 5 3.
F -0.0709609985351563 0.8361840248107910 -0.3831810057163239
R 15 7 5 12 -1.
R 15 11 5 4 3.
F 0.0167459994554520 -0.2573310136795044 0.2596650123596191
R 3 1 6 12 -1.
R 3 1 3 6 2.
R 6 7 3 6 2.
F -6.2400000169873238e-003 0.3163149952888489 -0.5879690051078796
R 12 13 6 6 -1.
R 12 16 6 3 2.
F -0.0393979996442795 -1.0491210222244263 0.1682240068912506
R 6 13 6 6 -1.
R 6 16 6 3 2.
F 0. 0.1614419966936112 -0.8787689805030823
R 14 6 3 16 -1.
R 14 14 3 8 2.
F -0.0223079994320869 -0.6905350089073181 0.2360700070858002
R 1 12 13 6 -1.
R 1 14 13 2 3.
F 1.8919999711215496e-003 0.2498919963836670 -0.5658329725265503
R 13 1 4 9 -1.
R 13 1 2 9 2.
F 1.0730000212788582e-003 -0.5041580200195313 0.3837450146675110
R 7 0 9 6 -1.
R 10 0 3 6 3.
F 0.0392309986054897 0.0426190011203289 -1.3875889778137207
R 12 2 6 9 -1.
R 12 2 3 9 2.
F 0.0622380003333092 0.1411940008401871 -1.0688860416412354
R 6 2 6 9 -1.
R 9 2 3 9 2.
F 2.1399999968707561e-003 -0.8962240219116211 0.1979639977216721
R 6 18 12 6 -1.
R 6 20 12 2 3.
F 9.1800000518560410e-004 -0.4533729851245880 0.4353269934654236
R 7 6 6 9 -1.
R 9 6 2 9 3.
F -6.9169998168945313e-003 0.3382279872894287 -0.4479300081729889
R 7 7 12 3 -1.
R 7 7 6 3 2.
F -0.0238669998943806 -0.7890859842300415 0.2251179963350296
R 8 3 8 21 -1.
R 8 10 8 7 3.
F -0.1026280000805855 -2.2831439971923828 -5.3960001096129417e-003
R 7 4 10 12 -1.
R 7 8 10 4 3.
F -9.5239998772740364e-003 0.3934670090675354 -0.5224220156669617
R 0 1 6 9 -1.
R 0 4 6 3 3.
F 0.0398770011961460 0.0327990017831326 -1.5079489946365356
R 15 2 2 20 -1.
R 15 2 1 20 2.
F -0.0131449997425079 -1.0839990377426147 0.1848240047693253
R 0 3 6 9 -1.
R 0 6 6 3 3.
F -0.0505909994244576 -1.8822289705276489 -2.2199999075382948e-003
R 15 3 2 21 -1.
R 15 3 1 21 2.
F 0.0249170009046793 0.1459340006113052 -2.2196519374847412
R 7 0 2 23 -1.
R 8 0 1 23 2.
F -7.6370001770555973e-003 -1.0164569616317749 0.0587970018386841
R 15 8 9 4 -1.
R 15 10 9 2 2.
F 0.0429119989275932 0.1544300019741058 -1.1843889951705933
R 0 8 9 4 -1.
R 0 10 9 2 2.
F 2.3000000510364771e-004 -0.7730579972267151 0.1218990013003349
R 8 14 9 6 -1.
R 8 16 9 2 3.
F 9.0929996222257614e-003 -0.1145009994506836 0.7109130024909973
R 0 14 9 6 -1.
R 0 16 9 2 3.
F 0.0111450003460050 0.0700009986758232 -1.0534820556640625
R 3 10 18 4 -1.
R 9 10 6 4 3.
F -0.0524530000984669 -1.7594360113143921 0.1952379941940308
R 0 0 24 19 -1.
R 8 0 8 19 3.
F -0.2302069962024689 0.9584029912948608 -0.2504569888114929
R 9 1 8 12 -1.
R 9 7 8 6 2.
F -0.0163659993559122 0.4673190116882324 -0.2110839933156967
R 10 6 4 10 -1.
R 12 6 2 10 2.
F -0.0172080006450415 0.7083569765090942 -0.2801829874515533
R 7 9 10 12 -1.
R 12 9 5 6 2.
R 7 15 5 6 2.
F -0.0366480015218258 -1.1013339757919312 0.2434110045433044
R 5 0 3 19 -1.
R 6 0 1 19 3.
F -0.0103049995377660 -1.0933129787445068 0.0562589988112450
R 14 0 6 10 -1.
R 16 0 2 10 3.
F -0.0137130003422499 -0.2643809914588928 0.1982100009918213
R 2 0 6 12 -1.
R 2 0 3 6 2.
R 5 6 3 6 2.
F 0.0293080005794764 -0.2214239984750748 1.0525950193405151
R 0 11 24 2 -1.
R 0 12 24 1 2.
F 0.0240770000964403 0.1848569959402084 -1.7203969955444336
R 4 9 13 4 -1.
R 4 11 13 2 2.
F 6.1280000954866409e-003 -0.9272149801254273 0.0587529987096787
R 9 8 6 9 -1.
R 9 11 6 3 3.
F -0.0223779994994402 1.9646559953689575 0.0277859997004271
R 0 12 16 4 -1.
R 0 14 16 2 2.
F -7.0440000854432583e-003 0.2142760008573532 -0.4840759932994843
R 18 12 6 9 -1.
R 18 15 6 3 3.
F -0.0406030006706715 -1.1754349470138550 0.1606120020151138
R 0 12 6 9 -1.
R 0 15 6 3 3.
F -0.0244660004973412 -1.1239900588989258 0.0411100015044212
R 8 7 10 4 -1.
R 8 7 5 4 2.
F 2.5309999473392963e-003 -0.1716970056295395 0.3217880129814148
R 8 7 6 9 -1.
R 10 7 2 9 3.
F -0.0195889994502068 0.8272020220756531 -0.2637670040130615
R 11 0 6 9 -1.
R 13 0 2 9 3.
F -0.0296359993517399 -1.1524770259857178 0.1499930024147034
R 7 0 6 9 -1.
R 9 0 2 9 3.
F -0.0150300003588200 -1.0491830110549927 0.0401609987020493
R 12 3 6 15 -1.
R 14 3 2 15 3.
F -0.0607150010764599 -1.0903840065002441 0.1533080041408539
R 6 3 6 15 -1.
R 8 3 2 15 3.
F -0.0127900000661612 0.4224860072135925 -0.4239920079708099
R 15 2 9 4 -1.
R 15 4 9 2 2.
F -0.0202479995787144 -0.9186699986457825 0.1848569959402084
R 5 10 6 7 -1.
R 8 10 3 7 2.
F -0.0306839998811483 -1.5958670377731323 2.5760000571608543e-003
R 9 14 6 10 -1.
R 9 19 6 5 2.
F -0.0207180008292198 -0.6629999876022339 0.3103719949722290
R 7 13 5 8 -1.
R 7 17 5 4 2.
F -1.7290000105276704e-003 0.1918340027332306 -0.6508499979972839
R 14 5 3 16 -1.
R 14 13 3 8 2.
F -0.0313940010964870 -0.6364300251007080 0.1540839970111847
R 2 17 18 3 -1.
R 2 18 18 1 3.
F 0.0190030001103878 -0.1891939938068390 1.5294510126113892
R 5 18 19 3 -1.
R 5 19 19 1 3.
F 6.1769997701048851e-003 -0.1059790030121803 0.6485959887504578
R 9 0 6 9 -1.
R 11 0 2 9 3.
F -0.0101659996435046 -1.0802700519561768 0.0371760018169880
R 12 4 3 18 -1.
R 13 4 1 18 3.
F -1.4169999631121755e-003 0.3415749967098236 -0.0977379977703094
R 9 4 3 18 -1.
R 10 4 1 18 3.
F -4.0799998678267002e-003 0.4762459993362427 -0.3436630070209503
R 3 3 18 9 -1.
R 9 3 6 9 3.
F -0.0440969988703728 0.9763429760932922 -0.0191730000078678
R 6 1 6 14 -1.
R 8 1 2 14 3.
F -0.0606699995696545 -2.1752851009368896 -0.0289259999990463
R 12 16 9 6 -1.
R 12 19 9 3 2.
F -0.0329319983720779 -0.6438310146331787 0.1649409979581833
R 1 3 20 16 -1.
R 1 3 10 8 2.
R 11 11 10 8 2.
F -0.1472280025482178 -1.4745830297470093 2.5839998852461576e-003
R 12 5 6 12 -1.
R 15 5 3 6 2.
R 12 11 3 6 2.
F -0.0119300000369549 0.4244140088558197 -0.1771260052919388
R 1 2 22 16 -1.
R 1 2 11 8 2.
R 12 10 11 8 2.
F 0.1451790034770966 0.0254449993371964 -1.2779400348663330
R 10 14 5 10 -1.
R 10 19 5 5 2.
F 0.0514479987323284 0.1567839980125427 -1.5188430547714233
R 3 21 18 3 -1.
R 3 22 18 1 3.
F 3.1479999888688326e-003 -0.4042440056800842 0.3242970108985901
R 10 14 6 10 -1.
R 12 14 2 10 3.
F -0.0436000004410744 -1.9932260513305664 0.1501860022544861
S -3.8832089900970459
